Passenger Id,Age,Sibling/Spouse Abroad,Parent/Children Abroad,Passenger Class,Fare,Embarkation Port,Survival Boat,Body Number,Survived,Female,Male
1,29.0,0,0,1,211.3375,2,2,S,1,1.0,0.0
2,0.9167,1,2,1,151.55,2,11,S,1,0.0,1.0
3,2.0,1,2,1,151.55,2,DNS,BNR,0,1.0,0.0
4,30.0,1,2,1,151.55,2,DNS,135.0,0,0.0,1.0
5,25.0,1,2,1,151.55,2,DNS,BNR,0,1.0,0.0
6,48.0,0,0,1,26.55,2,3,S,1,0.0,1.0
7,63.0,1,0,1,77.9583,2,10,S,1,1.0,0.0
8,39.0,0,0,1,0.0,2,DNS,BNR,0,0.0,1.0
9,53.0,2,0,1,51.4792,2,D,S,1,1.0,0.0
10,71.0,0,0,1,49.5042,0,DNS,22.0,0,0.0,1.0
11,47.0,1,0,1,227.525,0,DNS,124.0,0,0.0,1.0
12,18.0,1,0,1,227.525,0,4,S,1,1.0,0.0
13,24.0,0,0,1,69.3,0,9,S,1,1.0,0.0
14,26.0,0,0,1,78.85,2,6,S,1,1.0,0.0
15,80.0,0,0,1,30.0,2,B,S,1,0.0,1.0
16,41.5,0,0,1,25.925,2,DNS,BNR,0,0.0,1.0
17,24.0,0,1,1,247.5208,0,DNS,BNR,0,0.0,1.0
18,50.0,0,1,1,247.5208,0,6,S,1,1.0,0.0
19,32.0,0,0,1,76.2917,0,8,S,1,1.0,0.0
20,36.0,0,0,1,75.2417,0,A,BNR,0,0.0,1.0
21,37.0,1,1,1,52.5542,2,5,S,1,0.0,1.0
22,47.0,1,1,1,52.5542,2,5,S,1,1.0,0.0
23,26.0,0,0,1,30.0,0,5,S,1,0.0,1.0
24,42.0,0,0,1,227.525,0,4,S,1,1.0,0.0
25,29.0,0,0,1,221.7792,2,8,S,1,1.0,0.0
26,25.0,0,0,1,26.0,0,DNS,148.0,0,0.0,1.0
27,25.0,1,0,1,91.0792,0,7,S,1,0.0,1.0
28,19.0,1,0,1,91.0792,0,7,S,1,1.0,0.0
29,35.0,0,0,1,135.6333,2,8,S,1,1.0,0.0
30,28.0,0,0,1,26.55,2,D,S,1,0.0,1.0
31,45.0,0,0,1,35.5,2,DNS,BNR,0,0.0,1.0
32,40.0,0,0,1,31.0,0,7,S,1,0.0,1.0
33,30.0,0,0,1,164.8667,2,8,S,1,1.0,0.0
34,58.0,0,0,1,26.55,2,8,S,1,1.0,0.0
35,42.0,0,0,1,26.55,2,DNS,BNR,0,0.0,1.0
36,45.0,0,0,1,262.375,0,4,S,1,1.0,0.0
37,22.0,0,1,1,55.0,2,6,S,1,1.0,0.0
38,41.5,0,0,1,26.55,2,9,S,1,0.0,1.0
39,41.0,0,0,1,30.5,2,DNS,BNR,0,0.0,1.0
40,48.0,0,0,1,50.4958,0,DNS,208.0,0,0.0,1.0
41,47.0,0,0,1,39.6,0,DNS,BNR,0,0.0,1.0
42,44.0,0,0,1,27.7208,0,6,S,1,1.0,0.0
43,59.0,2,0,1,51.4792,2,D,S,1,1.0,0.0
44,60.0,0,0,1,76.2917,0,8,S,1,1.0,0.0
45,41.0,0,0,1,134.5,0,3,S,1,1.0,0.0
46,45.0,0,0,1,26.55,2,DNS,BNR,0,0.0,1.0
47,41.5,0,0,1,31.0,2,DNS,BNR,0,0.0,1.0
48,42.0,0,0,1,26.2875,2,5,S,1,0.0,1.0
49,53.0,0,0,1,27.4458,0,6,S,1,1.0,0.0
50,36.0,0,1,1,512.3292,0,3,S,1,0.0,1.0
51,58.0,0,1,1,512.3292,0,3,S,1,1.0,0.0
52,33.0,0,0,1,5.0,2,DNS,BNR,0,0.0,1.0
53,28.0,0,0,1,47.1,2,DNS,BNR,0,0.0,1.0
54,17.0,0,0,1,47.1,2,DNS,BNR,0,0.0,1.0
55,11.0,1,2,1,120.0,2,4,S,1,0.0,1.0
56,14.0,1,2,1,120.0,2,4,S,1,1.0,0.0
57,36.0,1,2,1,120.0,2,C,S,1,0.0,1.0
58,36.0,1,2,1,120.0,2,4,S,1,1.0,0.0
59,49.0,0,0,1,26.0,2,DNS,BNR,0,0.0,1.0
60,45.0,0,0,1,27.7208,0,5,S,1,1.0,0.0
61,36.0,1,0,1,78.85,2,DNS,172.0,0,0.0,1.0
62,76.0,1,0,1,78.85,2,6,S,1,1.0,0.0
63,46.0,1,0,1,61.175,2,DNS,BNR,0,0.0,1.0
64,47.0,1,0,1,61.175,2,4,S,1,1.0,0.0
65,27.0,1,0,1,53.1,2,5,S,1,0.0,1.0
66,33.0,1,0,1,53.1,2,5,S,1,1.0,0.0
67,36.0,0,0,1,262.375,0,4,S,1,1.0,0.0
68,30.0,0,0,1,86.5,2,8,S,1,1.0,0.0
69,45.0,0,0,1,29.7,0,7,S,1,0.0,1.0
70,45.0,0,1,1,55.0,2,6,S,1,1.0,0.0
71,41.5,0,0,1,0.0,2,DNS,BNR,0,0.0,1.0
72,27.0,1,0,1,136.7792,0,DNS,BNR,0,0.0,1.0
73,26.0,1,0,1,136.7792,0,4,S,1,1.0,0.0
74,22.0,0,0,1,151.55,2,11,S,1,1.0,0.0
75,41.5,0,0,1,52.0,2,DNS,BNR,0,0.0,1.0
76,47.0,0,0,1,25.5875,2,DNS,BNR,0,0.0,1.0
77,39.0,1,1,1,83.1583,0,14,S,1,1.0,0.0
78,37.0,1,1,1,83.1583,0,DNS,BNR,0,0.0,1.0
79,64.0,0,2,1,83.1583,0,14,S,1,1.0,0.0
80,55.0,2,0,1,25.7,2,2,S,1,1.0,0.0
81,41.5,0,0,1,26.55,2,DNS,BNR,0,0.0,1.0
82,70.0,1,1,1,71.0,2,DNS,269.0,0,0.0,1.0
83,36.0,0,2,1,71.0,2,7,S,1,1.0,0.0
84,64.0,1,1,1,26.55,2,7,S,1,1.0,0.0
85,39.0,1,0,1,71.2833,0,DNS,BNR,0,0.0,1.0
86,38.0,1,0,1,71.2833,0,4,S,1,1.0,0.0
87,51.0,0,0,1,26.55,2,5 9,S,1,0.0,1.0
88,27.0,0,0,1,30.5,2,3,S,1,0.0,1.0
89,33.0,0,0,1,151.55,2,8,S,1,1.0,0.0
90,31.0,1,0,1,52.0,2,DNS,BNR,0,0.0,1.0
91,27.0,1,2,1,52.0,2,3,S,1,1.0,0.0
92,31.0,1,0,1,57.0,2,3,S,1,0.0,1.0
93,17.0,1,0,1,57.0,2,3,S,1,1.0,0.0
94,53.0,1,1,1,81.8583,2,13,S,1,0.0,1.0
95,4.0,0,2,1,81.8583,2,5,S,1,0.0,1.0
96,54.0,1,1,1,81.8583,2,5,S,1,1.0,0.0
97,50.0,1,0,1,106.425,0,DNS,62.0,0,0.0,1.0
98,27.0,1,1,1,247.5208,0,6,S,1,1.0,0.0
99,48.0,1,0,1,106.425,0,2,S,1,1.0,0.0
100,48.0,1,0,1,39.6,0,1,S,1,1.0,0.0
101,49.0,1,0,1,56.9292,0,1,S,1,0.0,1.0
102,39.0,0,0,1,29.7,0,DNS,133.0,0,0.0,1.0
103,23.0,0,1,1,83.1583,0,7,S,1,1.0,0.0
104,38.0,0,0,1,227.525,0,4,S,1,1.0,0.0
105,54.0,1,0,1,78.2667,0,4,S,1,1.0,0.0
106,36.0,0,0,1,31.6792,0,DNS,BNR,0,1.0,0.0
107,41.5,0,0,1,221.7792,2,DNS,BNR,0,0.0,1.0
108,45.0,0,0,1,31.6833,2,7,S,1,1.0,0.0
109,30.0,0,0,1,110.8833,0,4,S,1,1.0,0.0
110,36.0,0,0,1,26.3875,2,5,S,1,0.0,1.0
111,30.0,0,0,1,27.75,0,DNS,BNR,0,0.0,1.0
112,24.0,3,2,1,263.0,2,10,S,1,1.0,0.0
113,28.0,3,2,1,263.0,2,10,S,1,1.0,0.0
114,23.0,3,2,1,263.0,2,10,S,1,1.0,0.0
115,19.0,3,2,1,263.0,2,DNS,BNR,0,0.0,1.0
116,64.0,1,4,1,263.0,2,DNS,BNR,0,0.0,1.0
117,60.0,1,4,1,263.0,2,10,S,1,1.0,0.0
118,30.0,0,0,1,56.9292,0,1,S,1,1.0,0.0
119,41.5,0,0,1,26.55,2,DNS,BNR,0,0.0,1.0
120,50.0,2,0,1,133.65,2,5,S,1,0.0,1.0
121,43.0,1,0,1,27.7208,0,5,S,1,0.0,1.0
122,45.0,1,0,1,133.65,2,5,S,1,1.0,0.0
123,22.0,0,2,1,49.5,0,5,S,1,1.0,0.0
124,60.0,1,1,1,79.2,0,5,S,1,0.0,1.0
125,48.0,1,1,1,79.2,0,5,S,1,1.0,0.0
126,41.5,0,0,1,0.0,2,DNS,BNR,0,0.0,1.0
127,37.0,1,0,1,53.1,2,DNS,BNR,0,0.0,1.0
128,35.0,1,0,1,53.1,2,D,S,1,1.0,0.0
129,47.0,0,0,1,38.5,2,DNS,275.0,0,0.0,1.0
130,35.0,0,0,1,211.5,0,4,S,1,1.0,0.0
131,22.0,0,1,1,59.4,0,7,S,1,1.0,0.0
132,45.0,0,1,1,59.4,0,7,S,1,1.0,0.0
133,24.0,0,0,1,79.2,0,DNS,BNR,0,0.0,1.0
134,49.0,1,0,1,89.1042,0,5,S,1,0.0,1.0
135,45.0,1,0,1,89.1042,0,5,S,1,1.0,0.0
136,71.0,0,0,1,34.6542,0,DNS,BNR,0,0.0,1.0
137,53.0,0,0,1,28.5,0,B,S,1,0.0,1.0
138,19.0,0,0,1,30.0,2,3,S,1,1.0,0.0
139,38.0,0,1,1,153.4625,2,DNS,147.0,0,0.0,1.0
140,58.0,0,1,1,153.4625,2,3,S,1,1.0,0.0
141,23.0,0,1,1,63.3583,0,7,S,1,0.0,1.0
142,45.0,0,1,1,63.3583,0,7,S,1,1.0,0.0
143,46.0,0,0,1,79.2,0,DNS,BNR,0,0.0,1.0
144,25.0,1,0,1,55.4417,0,5,S,1,0.0,1.0
145,25.0,1,0,1,55.4417,0,5,S,1,1.0,0.0
146,48.0,1,0,1,76.7292,0,3,S,1,0.0,1.0
147,49.0,1,0,1,76.7292,0,3,S,1,1.0,0.0
148,41.5,0,0,1,42.4,2,DNS,BNR,0,0.0,1.0
149,45.0,1,0,1,83.475,2,DNS,BNR,0,0.0,1.0
150,35.0,1,0,1,83.475,2,D,S,1,1.0,0.0
151,40.0,0,0,1,0.0,2,DNS,110.0,0,0.0,1.0
152,27.0,0,0,1,76.7292,0,3,S,1,0.0,1.0
153,41.5,0,0,1,30.0,2,3,S,1,0.0,1.0
154,24.0,0,0,1,83.1583,0,7,S,1,1.0,0.0
155,55.0,1,1,1,93.5,2,DNS,307.0,0,0.0,1.0
156,52.0,1,1,1,93.5,2,3,S,1,1.0,0.0
157,42.0,0,0,1,42.5,2,DNS,BNR,0,0.0,1.0
158,41.5,0,0,1,51.8625,2,DNS,BNR,0,0.0,1.0
159,55.0,0,0,1,50.0,2,DNS,BNR,0,0.0,1.0
160,16.0,0,1,1,57.9792,0,4,S,1,1.0,0.0
161,44.0,0,1,1,57.9792,0,4,S,1,1.0,0.0
162,51.0,1,0,1,77.9583,2,10,S,1,1.0,0.0
163,42.0,1,0,1,52.0,2,DNS,38.0,0,0.0,1.0
164,35.0,1,0,1,52.0,2,8,S,1,1.0,0.0
165,35.0,0,0,1,26.55,0,15,S,1,0.0,1.0
166,38.0,1,0,1,90.0,2,D,S,1,0.0,1.0
167,41.5,0,0,1,30.6958,0,14,BNR,0,0.0,1.0
168,35.0,1,0,1,90.0,2,D,S,1,1.0,0.0
169,38.0,0,0,1,80.0,2,6,S,1,1.0,0.0
170,50.0,0,0,1,28.7125,0,DNS,BNR,0,1.0,0.0
171,49.0,0,0,1,0.0,2,C,S,1,0.0,1.0
172,46.0,0,0,1,26.0,2,DNS,80.0,0,0.0,1.0
173,50.0,0,0,1,26.0,2,DNS,BNR,0,0.0,1.0
174,32.5,0,0,1,211.5,0,DNS,45.0,0,0.0,1.0
175,58.0,0,0,1,29.7,0,DNS,258.0,0,0.0,1.0
176,41.0,1,0,1,51.8625,2,DNS,BNR,0,0.0,1.0
177,45.0,1,0,1,51.8625,2,8,S,1,1.0,0.0
178,42.0,1,0,1,52.5542,2,5,S,1,0.0,1.0
179,45.0,1,0,1,52.5542,2,5,S,1,1.0,0.0
180,41.5,0,0,1,26.55,2,DNS,BNR,0,0.0,1.0
181,39.0,0,0,1,211.3375,2,2,S,1,1.0,0.0
182,49.0,0,0,1,25.9292,2,8,S,1,1.0,0.0
183,30.0,0,0,1,106.425,0,2,S,1,1.0,0.0
184,35.0,0,0,1,512.3292,0,3,S,1,0.0,1.0
185,41.5,0,0,1,27.7208,0,DNS,BNR,0,0.0,1.0
186,42.0,0,0,1,26.55,2,DNS,BNR,0,0.0,1.0
187,55.0,0,0,1,27.7208,0,6,S,1,1.0,0.0
188,16.0,0,1,1,39.4,2,9,S,1,1.0,0.0
189,51.0,0,1,1,39.4,2,9,S,1,1.0,0.0
190,29.0,0,0,1,30.0,2,DNS,126.0,0,0.0,1.0
191,21.0,0,0,1,77.9583,2,10,S,1,1.0,0.0
192,30.0,0,0,1,45.5,2,DNS,BNR,0,0.0,1.0
193,58.0,0,0,1,146.5208,0,DNS,S,1,1.0,0.0
194,15.0,0,1,1,211.3375,2,2,S,1,1.0,0.0
195,30.0,0,0,1,26.0,2,DNS,BNR,0,0.0,1.0
196,16.0,0,0,1,86.5,2,8,S,1,1.0,0.0
197,41.5,0,0,1,29.7,0,7,S,1,0.0,1.0
198,19.0,1,0,1,53.1,2,DNS,BNR,0,0.0,1.0
199,18.0,1,0,1,53.1,2,10,S,1,1.0,0.0
200,24.0,0,0,1,49.5042,0,6,S,1,1.0,0.0
201,46.0,0,0,1,75.2417,0,DNS,292.0,0,0.0,1.0
202,54.0,0,0,1,51.8625,2,DNS,175.0,0,0.0,1.0
203,36.0,0,0,1,26.2875,2,7,S,1,0.0,1.0
204,28.0,1,0,1,82.1708,0,DNS,BNR,0,0.0,1.0
205,45.0,1,0,1,82.1708,0,6,S,1,1.0,0.0
206,65.0,0,0,1,26.55,2,DNS,249.0,0,0.0,1.0
207,44.0,2,0,1,90.0,1,DNS,230.0,0,0.0,1.0
208,33.0,1,0,1,90.0,1,14,S,1,1.0,0.0
209,37.0,1,0,1,90.0,1,14,S,1,1.0,0.0
210,30.0,1,0,1,57.75,0,11,S,1,0.0,1.0
211,55.0,0,0,1,30.5,2,DNS,BNR,0,0.0,1.0
212,47.0,0,0,1,42.4,2,DNS,BNR,0,0.0,1.0
213,37.0,0,1,1,29.7,0,DNS,BNR,0,0.0,1.0
214,31.0,1,0,1,113.275,0,6,S,1,1.0,0.0
215,23.0,1,0,1,113.275,0,6,S,1,1.0,0.0
216,58.0,0,2,1,113.275,0,DNS,122.0,0,0.0,1.0
217,19.0,0,2,1,26.2833,2,5,S,1,1.0,0.0
218,64.0,0,0,1,26.0,2,DNS,263.0,0,0.0,1.0
219,39.0,0,0,1,108.9,0,8,S,1,1.0,0.0
220,41.5,0,0,1,25.7417,0,7,S,1,0.0,1.0
221,22.0,0,1,1,61.9792,0,5,S,1,1.0,0.0
222,65.0,0,1,1,61.9792,0,DNS,234.0,0,0.0,1.0
223,28.5,0,0,1,27.7208,0,DNS,189.0,0,0.0,1.0
224,41.5,0,0,1,0.0,2,DNS,BNR,0,0.0,1.0
225,45.5,0,0,1,28.5,2,DNS,166.0,0,0.0,1.0
226,23.0,0,0,1,93.5,2,DNS,BNR,0,0.0,1.0
227,29.0,1,0,1,66.6,2,DNS,BNR,0,0.0,1.0
228,22.0,1,0,1,66.6,2,8,S,1,1.0,0.0
229,18.0,1,0,1,108.9,0,DNS,BNR,0,0.0,1.0
230,17.0,1,0,1,108.9,0,8,S,1,1.0,0.0
231,30.0,0,0,1,93.5,2,3,S,1,1.0,0.0
232,52.0,0,0,1,30.5,2,6,S,1,0.0,1.0
233,47.0,0,0,1,52.0,2,DNS,207.0,0,0.0,1.0
234,56.0,0,1,1,83.1583,0,7,S,1,1.0,0.0
235,38.0,0,0,1,0.0,2,DNS,BNR,0,0.0,1.0
236,41.5,0,0,1,39.6,2,A,S,1,0.0,1.0
237,22.0,0,0,1,135.6333,0,DNS,232.0,0,0.0,1.0
238,41.5,0,0,1,227.525,0,DNS,BNR,0,0.0,1.0
239,43.0,0,1,1,211.3375,2,2,S,1,1.0,0.0
240,31.0,0,0,1,50.4958,2,DNS,BNR,0,0.0,1.0
241,45.0,0,0,1,26.55,2,9,S,1,0.0,1.0
242,41.5,0,0,1,50.0,2,DNS,BNR,0,0.0,1.0
243,33.0,0,0,1,27.7208,0,11,S,1,1.0,0.0
244,46.0,0,0,1,79.2,0,DNS,16.0,0,0.0,1.0
245,36.0,0,0,1,40.125,0,DNS,BNR,0,0.0,1.0
246,33.0,0,0,1,86.5,2,8,S,1,1.0,0.0
247,55.0,1,0,1,59.4,0,DNS,BNR,0,0.0,1.0
248,54.0,1,0,1,59.4,0,6,S,1,1.0,0.0
249,33.0,0,0,1,26.55,2,DNS,109.0,0,0.0,1.0
250,13.0,2,2,1,262.375,0,4,S,1,0.0,1.0
251,18.0,2,2,1,262.375,0,4,S,1,1.0,0.0
252,21.0,2,2,1,262.375,0,4,S,1,1.0,0.0
253,61.0,1,3,1,262.375,0,DNS,BNR,0,0.0,1.0
254,48.0,1,3,1,262.375,0,4,S,1,1.0,0.0
255,41.5,0,0,1,30.5,2,3,S,1,0.0,1.0
256,24.0,0,0,1,69.3,0,9,S,1,1.0,0.0
257,41.5,0,0,1,26.0,2,1,S,1,0.0,1.0
258,35.0,1,0,1,57.75,0,11,S,1,1.0,0.0
259,30.0,0,0,1,31.0,0,4,S,1,1.0,0.0
260,34.0,0,0,1,26.55,2,7,S,1,0.0,1.0
261,40.0,0,0,1,153.4625,2,3,S,1,1.0,0.0
262,35.0,0,0,1,26.2875,2,5,S,1,0.0,1.0
263,50.0,1,0,1,55.9,2,DNS,BNR,0,0.0,1.0
264,39.0,1,0,1,55.9,2,11,S,1,1.0,0.0
265,56.0,0,0,1,35.5,0,3,S,1,0.0,1.0
266,28.0,0,0,1,35.5,2,7,S,1,0.0,1.0
267,56.0,0,0,1,26.55,2,DNS,BNR,0,0.0,1.0
268,56.0,0,0,1,30.6958,0,DNS,BNR,0,0.0,1.0
269,24.0,1,0,1,60.0,2,DNS,BNR,0,0.0,1.0
270,41.5,0,0,1,26.0,2,DNS,BNR,0,0.0,1.0
271,18.0,1,0,1,60.0,2,6,S,1,1.0,0.0
272,24.0,1,0,1,82.2667,2,7,S,1,0.0,1.0
273,23.0,1,0,1,82.2667,2,7,S,1,1.0,0.0
274,6.0,0,2,1,134.5,0,3,S,1,0.0,1.0
275,45.0,1,1,1,134.5,0,3,S,1,0.0,1.0
276,40.0,1,1,1,134.5,0,3,S,1,1.0,0.0
277,57.0,1,0,1,146.5208,0,DNS,BNR,0,0.0,1.0
278,45.0,1,0,1,146.5208,0,6,S,1,1.0,0.0
279,32.0,0,0,1,30.5,0,3,S,1,0.0,1.0
280,62.0,0,0,1,26.55,2,DNS,BNR,0,0.0,1.0
281,54.0,1,0,1,55.4417,0,1,S,1,0.0,1.0
282,43.0,1,0,1,55.4417,0,5,S,1,1.0,0.0
283,52.0,1,0,1,78.2667,0,4,S,1,1.0,0.0
284,41.5,0,0,1,27.7208,0,DNS,BNR,0,0.0,1.0
285,62.0,0,0,1,80.0,2,6,S,1,1.0,0.0
286,67.0,1,0,1,221.7792,2,DNS,96.0,0,0.0,1.0
287,63.0,1,0,1,221.7792,2,DNS,BNR,0,1.0,0.0
288,61.0,0,0,1,32.3208,2,DNS,46.0,0,0.0,1.0
289,48.0,0,0,1,25.9292,2,8,S,1,1.0,0.0
290,18.0,0,2,1,79.65,2,8,S,1,1.0,0.0
291,52.0,1,1,1,79.65,2,DNS,BNR,0,0.0,1.0
292,39.0,1,1,1,79.65,2,8,S,1,1.0,0.0
293,48.0,1,0,1,52.0,2,5 7,S,1,0.0,1.0
294,45.0,1,0,1,52.0,2,5 7,S,1,1.0,0.0
295,49.0,1,1,1,110.8833,0,DNS,BNR,0,0.0,1.0
296,17.0,0,2,1,110.8833,0,B,S,1,0.0,1.0
297,39.0,1,1,1,110.8833,0,4,S,1,1.0,0.0
298,45.0,0,0,1,79.2,0,D,S,1,1.0,0.0
299,31.0,0,0,1,28.5375,0,7,S,1,0.0,1.0
300,40.0,0,0,1,27.7208,0,DNS,BNR,0,0.0,1.0
301,61.0,0,0,1,33.5,2,DNS,245.0,0,0.0,1.0
302,47.0,0,0,1,34.0208,2,DNS,BNR,0,0.0,1.0
303,35.0,0,0,1,512.3292,0,3,S,1,1.0,0.0
304,64.0,1,0,1,75.25,0,DNS,BNR,0,0.0,1.0
305,60.0,1,0,1,75.25,0,5,S,1,1.0,0.0
306,60.0,0,0,1,26.55,2,DNS,BNR,0,0.0,1.0
307,54.0,0,1,1,77.2875,2,DNS,BNR,0,0.0,1.0
308,21.0,0,1,1,77.2875,2,DNS,169.0,0,0.0,1.0
309,55.0,0,0,1,135.6333,0,8,S,1,1.0,0.0
310,31.0,0,2,1,164.8667,2,8,S,1,1.0,0.0
311,57.0,1,1,1,164.8667,2,DNS,BNR,0,0.0,1.0
312,45.0,1,1,1,164.8667,2,8,S,1,1.0,0.0
313,50.0,1,1,1,211.5,0,DNS,BNR,0,0.0,1.0
314,27.0,0,2,1,211.5,0,DNS,BNR,0,0.0,1.0
315,50.0,1,1,1,211.5,0,4,S,1,1.0,0.0
316,21.0,0,0,1,26.55,2,8 10,S,1,1.0,0.0
317,51.0,0,1,1,61.3792,0,DNS,BNR,0,0.0,1.0
318,21.0,0,1,1,61.3792,0,A,S,1,0.0,1.0
319,41.5,0,0,1,35.0,2,DNS,BNR,0,0.0,1.0
320,31.0,0,0,1,134.5,0,3,S,1,1.0,0.0
321,41.5,0,0,1,35.5,2,D,S,1,0.0,1.0
322,62.0,0,0,1,26.55,2,DNS,BNR,0,0.0,1.0
323,36.0,0,0,1,135.6333,0,8,S,1,1.0,0.0
324,30.0,1,0,2,24.0,0,DNS,BNR,0,0.0,1.0
325,28.0,1,0,2,24.0,0,10,S,1,1.0,0.0
326,30.0,0,0,2,13.0,2,DNS,BNR,0,0.0,1.0
327,18.0,0,0,2,11.5,2,DNS,BNR,0,0.0,1.0
328,25.0,0,0,2,10.5,2,DNS,BNR,0,0.0,1.0
329,34.0,1,0,2,26.0,2,DNS,BNR,0,0.0,1.0
330,36.0,1,0,2,26.0,2,11,S,1,1.0,0.0
331,57.0,0,0,2,13.0,2,DNS,BNR,0,0.0,1.0
332,18.0,0,0,2,11.5,2,DNS,BNR,0,0.0,1.0
333,23.0,0,0,2,10.5,2,DNS,BNR,0,0.0,1.0
334,36.0,0,0,2,13.0,2,10,S,1,1.0,0.0
335,28.0,0,0,2,10.5,2,DNS,BNR,0,0.0,1.0
336,51.0,0,0,2,12.525,2,DNS,174.0,0,0.0,1.0
337,32.0,1,0,2,26.0,2,13,S,1,0.0,1.0
338,19.0,1,0,2,26.0,2,13,S,1,1.0,0.0
339,28.0,0,0,2,26.0,2,DNS,BNR,0,0.0,1.0
340,1.0,2,1,2,39.0,2,11,S,1,0.0,1.0
341,4.0,2,1,2,39.0,2,11,S,1,1.0,0.0
342,12.0,2,1,2,39.0,2,13,S,1,1.0,0.0
343,36.0,0,3,2,39.0,2,11,S,1,1.0,0.0
344,34.0,0,0,2,13.0,2,13,S,1,0.0,1.0
345,19.0,0,0,2,13.0,2,12,S,1,1.0,0.0
346,23.0,0,0,2,13.0,2,DNS,BNR,0,0.0,1.0
347,26.0,0,0,2,13.0,2,DNS,BNR,0,0.0,1.0
348,42.0,0,0,2,13.0,2,DNS,BNR,0,0.0,1.0
349,27.0,0,0,2,13.0,2,DNS,BNR,0,0.0,1.0
350,24.0,0,0,2,13.0,2,11,S,1,1.0,0.0
351,15.0,0,2,2,39.0,2,14,S,1,1.0,0.0
352,60.0,1,1,2,39.0,2,DNS,BNR,0,0.0,1.0
353,40.0,1,1,2,39.0,2,14,S,1,1.0,0.0
354,20.0,1,0,2,26.0,2,12,S,1,1.0,0.0
355,25.0,1,0,2,26.0,2,DNS,BNR,0,0.0,1.0
356,36.0,0,0,2,13.0,2,9,S,1,1.0,0.0
357,25.0,0,0,2,13.0,2,DNS,97.0,0,0.0,1.0
358,42.0,0,0,2,13.0,2,DNS,BNR,0,0.0,1.0
359,42.0,0,0,2,13.0,2,DNS,S,1,1.0,0.0
360,0.8333,0,2,2,29.0,2,13,S,1,0.0,1.0
361,26.0,1,1,2,29.0,2,13,S,1,0.0,1.0
362,22.0,1,1,2,29.0,2,13,S,1,1.0,0.0
363,35.0,0,0,2,21.0,2,14,S,1,1.0,0.0
364,30.0,0,0,2,0.0,2,DNS,BNR,0,0.0,1.0
365,19.0,0,0,2,13.0,2,DNS,18.0,0,0.0,1.0
366,44.0,1,0,2,26.0,2,DNS,BNR,0,1.0,0.0
367,54.0,1,0,2,26.0,2,DNS,BNR,0,0.0,1.0
368,52.0,0,0,2,13.5,2,DNS,130.0,0,0.0,1.0
369,37.0,1,0,2,26.0,2,DNS,17.0,0,0.0,1.0
370,29.0,1,0,2,26.0,2,DNS,BNR,0,1.0,0.0
371,25.0,1,1,2,30.0,2,12,S,1,1.0,0.0
372,45.0,0,2,2,30.0,2,12,S,1,1.0,0.0
373,29.0,1,0,2,26.0,2,DNS,BNR,0,0.0,1.0
374,28.0,1,0,2,26.0,2,14,S,1,1.0,0.0
375,29.0,0,0,2,10.5,2,DNS,BNR,0,0.0,1.0
376,28.0,0,0,2,13.0,2,DNS,BNR,0,0.0,1.0
377,24.0,0,0,2,10.5,2,9,S,1,0.0,1.0
378,8.0,0,2,2,26.25,2,14,S,1,1.0,0.0
379,31.0,1,1,2,26.25,2,DNS,BNR,0,0.0,1.0
380,31.0,1,1,2,26.25,2,14,S,1,1.0,0.0
381,22.0,0,0,2,10.5,2,14,S,1,1.0,0.0
382,30.0,0,0,2,13.0,2,DNS,BNR,0,1.0,0.0
383,30.5,0,0,2,21.0,2,DNS,BNR,0,1.0,0.0
384,21.0,0,0,2,11.5,2,DNS,BNR,0,0.0,1.0
385,30.0,0,0,2,0.0,2,DNS,BNR,0,0.0,1.0
386,8.0,1,1,2,36.75,2,14,S,1,0.0,1.0
387,18.0,0,0,2,73.5,2,DNS,BNR,0,0.0,1.0
388,48.0,0,2,2,36.75,2,14,S,1,1.0,0.0
389,28.0,0,0,2,13.0,2,13,S,1,1.0,0.0
390,32.0,0,0,2,13.0,2,DNS,BNR,0,0.0,1.0
391,17.0,0,0,2,73.5,2,DNS,BNR,0,0.0,1.0
392,29.0,1,0,2,27.7208,0,DNS,295.0,0,0.0,1.0
393,24.0,1,0,2,27.7208,0,12,S,1,1.0,0.0
394,25.0,0,0,2,31.5,2,DNS,BNR,0,0.0,1.0
395,18.0,0,0,2,73.5,2,DNS,BNR,0,0.0,1.0
396,18.0,0,1,2,23.0,2,DNS,S,1,1.0,0.0
397,34.0,0,1,2,23.0,2,DNS,S,1,1.0,0.0
398,54.0,0,0,2,26.0,2,DNS,BNR,0,0.0,1.0
399,8.0,0,2,2,32.5,2,10,S,1,0.0,1.0
400,42.0,1,1,2,32.5,2,DNS,BNR,0,0.0,1.0
401,34.0,1,1,2,32.5,2,10,S,1,1.0,0.0
402,27.0,1,0,2,13.8583,0,12,S,1,1.0,0.0
403,30.0,1,0,2,13.8583,0,12,S,1,1.0,0.0
404,23.0,0,0,2,13.0,2,DNS,BNR,0,0.0,1.0
405,21.0,0,0,2,13.0,2,DNS,BNR,0,0.0,1.0
406,18.0,0,0,2,13.0,2,DNS,BNR,0,0.0,1.0
407,40.0,1,0,2,26.0,2,DNS,286.0,0,0.0,1.0
408,29.0,1,0,2,26.0,2,16,S,1,1.0,0.0
409,18.0,0,0,2,10.5,2,DNS,BNR,0,0.0,1.0
410,36.0,0,0,2,13.0,2,DNS,236.0,0,0.0,1.0
411,30.0,0,0,2,0.0,2,DNS,BNR,0,0.0,1.0
412,38.0,0,0,2,13.0,2,DNS,BNR,0,1.0,0.0
413,35.0,0,0,2,26.0,2,DNS,322.0,0,0.0,1.0
414,38.0,1,0,2,21.0,2,DNS,BNR,0,0.0,1.0
415,34.0,1,0,2,21.0,2,DNS,BNR,0,0.0,1.0
416,34.0,0,0,2,13.0,2,12,S,1,1.0,0.0
417,16.0,0,0,2,26.0,2,DNS,BNR,0,0.0,1.0
418,26.0,0,0,2,10.5,2,DNS,BNR,0,0.0,1.0
419,47.0,0,0,2,10.5,2,DNS,BNR,0,0.0,1.0
420,21.0,1,0,2,11.5,2,DNS,BNR,0,0.0,1.0
421,21.0,1,0,2,11.5,2,DNS,BNR,0,0.0,1.0
422,24.0,0,0,2,13.5,2,DNS,297.0,0,0.0,1.0
423,24.0,0,0,2,13.0,2,DNS,155.0,0,0.0,1.0
424,34.0,0,0,2,13.0,2,DNS,BNR,0,0.0,1.0
425,30.0,0,0,2,13.0,2,DNS,305.0,0,0.0,1.0
426,52.0,0,0,2,13.0,2,DNS,19.0,0,0.0,1.0
427,30.0,0,0,2,13.0,2,DNS,75.0,0,0.0,1.0
428,0.6667,1,1,2,14.5,2,4,S,1,0.0,1.0
429,24.0,0,2,2,14.5,2,4,S,1,1.0,0.0
430,44.0,0,0,2,13.0,2,DNS,35.0,0,0.0,1.0
431,6.0,0,1,2,33.0,2,11,S,1,1.0,0.0
432,28.0,0,1,2,33.0,2,DNS,BNR,0,0.0,1.0
433,62.0,0,0,2,10.5,2,15,S,1,0.0,1.0
434,30.0,0,0,2,10.5,2,DNS,BNR,0,0.0,1.0
435,7.0,0,2,2,26.25,2,14,S,1,1.0,0.0
436,43.0,1,1,2,26.25,2,DNS,BNR,0,0.0,1.0
437,45.0,1,1,2,26.25,2,14,S,1,1.0,0.0
438,24.0,1,2,2,65.0,2,9,S,1,1.0,0.0
439,24.0,1,2,2,65.0,2,9,S,1,1.0,0.0
440,49.0,1,2,2,65.0,2,DNS,BNR,0,0.0,1.0
441,48.0,1,2,2,65.0,2,9,S,1,1.0,0.0
442,55.0,0,0,2,16.0,2,13,S,1,1.0,0.0
443,24.0,2,0,2,73.5,2,DNS,BNR,0,0.0,1.0
444,32.0,2,0,2,73.5,2,DNS,256.0,0,0.0,1.0
445,21.0,2,0,2,73.5,2,DNS,BNR,0,0.0,1.0
446,18.0,1,1,2,13.0,2,DNS,BNR,0,1.0,0.0
447,20.0,2,1,2,23.0,2,4,S,1,1.0,0.0
448,23.0,2,1,2,11.5,2,DNS,BNR,0,0.0,1.0
449,36.0,0,0,2,13.0,2,DNS,BNR,0,0.0,1.0
450,54.0,1,3,2,23.0,2,4,S,1,1.0,0.0
451,50.0,0,0,2,13.0,2,DNS,149.0,0,0.0,1.0
452,44.0,1,0,2,26.0,2,DNS,BNR,0,0.0,1.0
453,29.0,1,0,2,26.0,2,10,S,1,1.0,0.0
454,21.0,0,0,2,73.5,2,DNS,BNR,0,0.0,1.0
455,42.0,0,0,2,13.0,2,10,S,1,0.0,1.0
456,63.0,1,0,2,26.0,2,DNS,BNR,0,0.0,1.0
457,60.0,1,0,2,26.0,2,DNS,BNR,0,1.0,0.0
458,33.0,0,0,2,12.275,2,DNS,BNR,0,0.0,1.0
459,17.0,0,0,2,10.5,2,DNS,S,1,1.0,0.0
460,42.0,1,0,2,27.0,2,DNS,BNR,0,0.0,1.0
461,24.0,2,1,2,27.0,2,12,S,1,1.0,0.0
462,47.0,0,0,2,15.0,2,DNS,BNR,0,0.0,1.0
463,24.0,2,0,2,31.5,2,DNS,BNR,0,0.0,1.0
464,22.0,2,0,2,31.5,2,DNS,BNR,0,0.0,1.0
465,32.0,0,0,2,10.5,2,DNS,BNR,0,0.0,1.0
466,23.0,0,0,2,13.7917,0,11,S,1,1.0,0.0
467,34.0,1,0,2,26.0,2,DNS,283.0,0,0.0,1.0
468,24.0,1,0,2,26.0,2,12,S,1,1.0,0.0
469,22.0,0,0,2,21.0,2,DNS,BNR,0,1.0,0.0
470,20.0,0,0,2,12.35,1,10,S,1,1.0,0.0
471,35.0,0,0,2,12.35,1,DNS,BNR,0,0.0,1.0
472,45.0,0,0,2,13.5,2,9,S,1,1.0,0.0
473,57.0,0,0,2,12.35,1,DNS,BNR,0,0.0,1.0
474,30.0,0,0,2,0.0,2,DNS,BNR,0,0.0,1.0
475,31.0,0,0,2,10.5,2,DNS,165.0,0,0.0,1.0
476,26.0,1,1,2,26.0,2,DNS,BNR,0,1.0,0.0
477,30.0,1,1,2,26.0,2,DNS,BNR,0,0.0,1.0
478,30.0,0,0,2,10.7083,1,DNS,BNR,0,0.0,1.0
479,1.0,1,2,2,41.5792,0,14,S,1,1.0,0.0
480,3.0,1,2,2,41.5792,0,14,S,1,1.0,0.0
481,25.0,1,2,2,41.5792,0,DNS,BNR,0,0.0,1.0
482,22.0,1,2,2,41.5792,0,14,S,1,1.0,0.0
483,17.0,0,0,2,12.0,0,12,S,1,1.0,0.0
484,20.0,0,0,2,33.0,2,11,S,1,1.0,0.0
485,34.0,0,0,2,10.5,2,14,S,1,1.0,0.0
486,36.0,0,0,2,12.875,0,DNS,BNR,0,0.0,1.0
487,24.0,0,0,2,10.5,2,DNS,108.0,0,0.0,1.0
488,61.0,0,0,2,12.35,1,DNS,BNR,0,0.0,1.0
489,50.0,1,0,2,26.0,2,DNS,121.0,0,0.0,1.0
490,42.0,1,0,2,26.0,2,DNS,S,1,1.0,0.0
491,57.0,0,0,2,10.5,2,DNS,52.0,0,1.0,0.0
492,30.0,0,0,2,15.0458,0,DNS,BNR,0,0.0,1.0
493,1.0,0,2,2,37.0042,0,10,S,1,0.0,1.0
494,31.0,1,1,2,37.0042,0,DNS,BNR,0,0.0,1.0
495,24.0,1,1,2,37.0042,0,10,S,1,1.0,0.0
496,30.0,0,0,2,15.5792,0,DNS,BNR,0,0.0,1.0
497,30.0,0,0,2,13.0,2,DNS,BNR,0,0.0,1.0
498,40.0,0,0,2,16.0,2,DNS,BNR,0,0.0,1.0
499,32.0,0,0,2,13.5,2,DNS,209.0,0,0.0,1.0
500,30.0,0,0,2,13.0,2,DNS,BNR,0,0.0,1.0
501,46.0,0,0,2,26.0,2,DNS,BNR,0,0.0,1.0
502,13.0,0,1,2,19.5,2,14,S,1,1.0,0.0
503,41.0,0,1,2,19.5,2,14,S,1,1.0,0.0
504,19.0,0,0,2,10.5,2,B,S,1,0.0,1.0
505,39.0,0,0,2,13.0,2,DNS,BNR,0,0.0,1.0
506,48.0,0,0,2,13.0,2,DNS,271.0,0,0.0,1.0
507,70.0,0,0,2,10.5,2,DNS,BNR,0,0.0,1.0
508,27.0,0,0,2,13.0,2,DNS,BNR,0,0.0,1.0
509,54.0,0,0,2,14.0,2,DNS,BNR,0,0.0,1.0
510,39.0,0,0,2,26.0,2,DNS,BNR,0,0.0,1.0
511,16.0,0,0,2,10.5,2,DNS,BNR,0,0.0,1.0
512,62.0,0,0,2,9.6875,1,DNS,BNR,0,0.0,1.0
513,32.5,1,0,2,30.0708,0,DNS,43.0,0,0.0,1.0
514,14.0,1,0,2,30.0708,0,DNS,S,1,1.0,0.0
515,2.0,1,1,2,26.0,2,D,S,1,0.0,1.0
516,3.0,1,1,2,26.0,2,D,S,1,0.0,1.0
517,36.5,0,2,2,26.0,2,DNS,15.0,0,0.0,1.0
518,26.0,0,0,2,13.0,2,DNS,BNR,0,0.0,1.0
519,19.0,1,1,2,36.75,2,DNS,101.0,0,0.0,1.0
520,28.0,0,0,2,13.5,2,DNS,287.0,0,0.0,1.0
521,20.0,0,0,2,13.8625,0,7,S,1,0.0,1.0
522,29.0,0,0,2,10.5,2,11,S,1,1.0,0.0
523,39.0,0,0,2,13.0,2,DNS,BNR,0,0.0,1.0
524,22.0,0,0,2,10.5,2,13,S,1,0.0,1.0
525,30.0,0,0,2,13.8625,0,9,S,1,0.0,1.0
526,23.0,0,0,2,10.5,2,DNS,BNR,0,0.0,1.0
527,29.0,0,0,2,13.8583,0,9,S,1,0.0,1.0
528,28.0,0,0,2,10.5,2,DNS,BNR,0,0.0,1.0
529,30.0,0,0,2,0.0,2,DNS,BNR,0,0.0,1.0
530,50.0,0,1,2,26.0,2,12,S,1,1.0,0.0
531,19.0,0,0,2,10.5,2,DNS,BNR,0,0.0,1.0
532,30.0,0,0,2,15.05,0,DNS,BNR,0,0.0,1.0
533,41.0,0,0,2,13.0,2,DNS,BNR,0,0.0,1.0
534,21.0,0,1,2,21.0,2,12,S,1,1.0,0.0
535,19.0,0,0,2,26.0,2,11,S,1,1.0,0.0
536,43.0,0,1,2,21.0,2,DNS,BNR,0,0.0,1.0
537,32.0,0,0,2,13.0,2,9,S,1,1.0,0.0
538,34.0,0,0,2,13.0,2,DNS,BNR,0,0.0,1.0
539,30.0,0,0,2,12.7375,0,14,S,1,0.0,1.0
540,27.0,0,0,2,15.0333,0,DNS,BNR,0,0.0,1.0
541,2.0,1,1,2,26.0,2,11,S,1,1.0,0.0
542,8.0,1,1,2,26.0,2,11,S,1,1.0,0.0
543,33.0,0,2,2,26.0,2,11,S,1,1.0,0.0
544,36.0,0,0,2,10.5,2,DNS,BNR,0,0.0,1.0
545,34.0,1,0,2,21.0,2,12,BNR,0,0.0,1.0
546,30.0,3,0,2,21.0,2,DNS,S,1,1.0,0.0
547,28.0,0,0,2,13.0,2,9,S,1,1.0,0.0
548,23.0,0,0,2,15.0458,0,DNS,BNR,0,0.0,1.0
549,0.8333,1,1,2,18.75,2,4,S,1,0.0,1.0
550,3.0,1,1,2,18.75,2,4,S,1,0.0,1.0
551,24.0,2,3,2,18.75,2,4,S,1,1.0,0.0
552,50.0,0,0,2,10.5,2,13,S,1,1.0,0.0
553,19.0,0,0,2,10.5,2,DNS,BNR,0,0.0,1.0
554,21.0,0,0,2,10.5,2,12,S,1,1.0,0.0
555,26.0,0,0,2,13.0,2,DNS,BNR,0,0.0,1.0
556,25.0,0,0,2,13.0,2,DNS,BNR,0,0.0,1.0
557,27.0,0,0,2,26.0,2,DNS,BNR,0,0.0,1.0
558,25.0,0,1,2,26.0,2,12,S,1,1.0,0.0
559,18.0,0,2,2,13.0,2,16,S,1,1.0,0.0
560,20.0,0,0,2,36.75,2,11,S,1,1.0,0.0
561,30.0,0,0,2,13.0,2,10,S,1,1.0,0.0
562,59.0,0,0,2,13.5,2,DNS,BNR,0,0.0,1.0
563,30.0,0,0,2,12.35,1,13,S,1,1.0,0.0
564,35.0,0,0,2,10.5,2,DNS,BNR,0,0.0,1.0
565,40.0,0,0,2,13.0,2,9,S,1,1.0,0.0
566,25.0,0,0,2,13.0,2,DNS,BNR,0,0.0,1.0
567,41.0,0,0,2,15.0458,0,DNS,BNR,0,0.0,1.0
568,25.0,0,0,2,10.5,2,DNS,81.0,0,0.0,1.0
569,18.5,0,0,2,13.0,2,DNS,294.0,0,0.0,1.0
570,14.0,0,0,2,65.0,2,DNS,BNR,0,0.0,1.0
571,50.0,0,0,2,10.5,2,9,S,1,1.0,0.0
572,23.0,0,0,2,13.0,2,DNS,BNR,0,0.0,1.0
573,28.0,0,0,2,12.65,2,DNS,S,1,1.0,0.0
574,27.0,0,0,2,10.5,2,16,S,1,1.0,0.0
575,29.0,1,0,2,21.0,2,DNS,BNR,0,0.0,1.0
576,27.0,1,0,2,21.0,2,DNS,BNR,0,1.0,0.0
577,40.0,0,0,2,13.0,2,DNS,BNR,0,0.0,1.0
578,31.0,0,0,2,21.0,2,14,S,1,1.0,0.0
579,30.0,1,0,2,21.0,2,DNS,BNR,0,0.0,1.0
580,23.0,1,0,2,10.5,2,DNS,BNR,0,0.0,1.0
581,31.0,0,0,2,21.0,2,10,S,1,1.0,0.0
582,30.0,0,0,2,0.0,2,DNS,BNR,0,0.0,1.0
583,12.0,0,0,2,15.75,2,9,S,1,1.0,0.0
584,40.0,0,0,2,15.75,2,9,S,1,1.0,0.0
585,32.5,0,0,2,13.0,2,12,S,1,1.0,0.0
586,27.0,1,0,2,26.0,2,DNS,293.0,0,0.0,1.0
587,29.0,1,0,2,26.0,2,10,S,1,1.0,0.0
588,2.0,1,1,2,23.0,2,14,S,1,0.0,1.0
589,4.0,1,1,2,23.0,2,14,S,1,1.0,0.0
590,29.0,0,2,2,23.0,2,14,S,1,1.0,0.0
591,0.9167,1,2,2,27.75,2,10,S,1,1.0,0.0
592,5.0,1,2,2,27.75,2,10,S,1,1.0,0.0
593,36.0,1,2,2,27.75,2,DNS,BNR,0,0.0,1.0
594,33.0,1,2,2,27.75,2,10,S,1,1.0,0.0
595,66.0,0,0,2,10.5,2,DNS,BNR,0,0.0,1.0
596,30.0,0,0,2,12.875,2,DNS,BNR,0,0.0,1.0
597,31.0,0,0,2,13.0,2,9,S,1,0.0,1.0
598,30.0,0,0,2,13.0,2,14,S,1,0.0,1.0
599,26.0,0,0,2,13.5,2,9,S,1,1.0,0.0
600,24.0,0,0,2,13.0,2,DNS,BNR,0,1.0,0.0
601,42.0,0,0,3,7.55,2,DNS,BNR,0,0.0,1.0
602,13.0,0,2,3,20.25,2,DNS,BNR,0,0.0,1.0
603,16.0,1,1,3,20.25,2,DNS,190.0,0,0.0,1.0
604,35.0,1,1,3,20.25,2,A,S,1,1.0,0.0
605,16.0,0,0,3,7.65,2,16,S,1,1.0,0.0
606,25.0,0,0,3,7.65,2,A,S,1,0.0,1.0
607,20.0,0,0,3,7.925,2,15,S,1,0.0,1.0
608,18.0,0,0,3,7.2292,0,C,S,1,1.0,0.0
609,30.0,0,0,3,7.25,2,DNS,72.0,0,0.0,1.0
610,26.0,0,0,3,8.05,2,DNS,103.0,0,0.0,1.0
611,40.0,1,0,3,9.475,2,DNS,BNR,0,1.0,0.0
612,0.8333,0,1,3,9.35,2,11,S,1,0.0,1.0
613,18.0,0,1,3,9.35,2,13,S,1,1.0,0.0
614,26.0,0,0,3,18.7875,0,15,S,1,0.0,1.0
615,26.0,0,0,3,7.8875,2,DNS,BNR,0,0.0,1.0
616,20.0,0,0,3,7.925,2,DNS,BNR,0,0.0,1.0
617,24.0,0,0,3,7.05,2,DNS,BNR,0,0.0,1.0
618,25.0,0,0,3,7.05,2,DNS,79.0,0,0.0,1.0
619,35.0,0,0,3,8.05,2,DNS,BNR,0,0.0,1.0
620,18.0,0,0,3,8.3,2,DNS,259.0,0,0.0,1.0
621,32.0,0,0,3,22.525,2,DNS,260.0,0,0.0,1.0
622,19.0,1,0,3,7.8542,2,16,S,1,1.0,0.0
623,4.0,4,2,3,31.275,2,DNS,BNR,0,0.0,1.0
624,6.0,4,2,3,31.275,2,DNS,BNR,0,1.0,0.0
625,2.0,4,2,3,31.275,2,DNS,BNR,0,1.0,0.0
626,17.0,4,2,3,7.925,2,D,S,1,1.0,0.0
627,38.0,4,2,3,7.775,2,DNS,BNR,0,1.0,0.0
628,9.0,4,2,3,31.275,2,DNS,BNR,0,1.0,0.0
629,11.0,4,2,3,31.275,2,DNS,BNR,0,1.0,0.0
630,39.0,1,5,3,31.275,2,DNS,BNR,0,0.0,1.0
631,27.0,0,0,3,7.7958,2,A,S,1,0.0,1.0
632,26.0,0,0,3,7.775,2,DNS,BNR,0,0.0,1.0
633,39.0,1,5,3,31.275,2,DNS,BNR,0,1.0,0.0
634,20.0,0,0,3,7.8542,2,DNS,BNR,0,0.0,1.0
635,26.0,0,0,3,7.8958,2,DNS,BNR,0,0.0,1.0
636,25.0,1,0,3,17.8,2,DNS,BNR,0,0.0,1.0
637,18.0,1,0,3,17.8,2,DNS,BNR,0,1.0,0.0
638,24.0,0,0,3,7.775,2,DNS,BNR,0,0.0,1.0
639,35.0,0,0,3,7.05,2,DNS,BNR,0,0.0,1.0
640,5.0,4,2,3,31.3875,2,DNS,BNR,0,0.0,1.0
641,9.0,4,2,3,31.3875,2,DNS,BNR,0,0.0,1.0
642,3.0,4,2,3,31.3875,2,15,S,1,0.0,1.0
643,13.0,4,2,3,31.3875,2,DNS,BNR,0,0.0,1.0
644,5.0,4,2,3,31.3875,2,15,S,1,1.0,0.0
645,40.0,1,5,3,31.3875,2,DNS,142.0,0,0.0,1.0
646,23.0,0,0,3,7.7958,2,13,S,1,0.0,1.0
647,38.0,1,5,3,31.3875,2,15,S,1,1.0,0.0
648,45.0,0,0,3,7.225,0,C,S,1,1.0,0.0
649,21.0,0,0,3,7.225,0,DNS,BNR,0,0.0,1.0
650,23.0,0,0,3,7.05,2,DNS,BNR,0,0.0,1.0
651,17.0,0,0,3,14.4583,0,DNS,BNR,0,1.0,0.0
652,30.0,0,0,3,7.225,0,DNS,BNR,0,0.0,1.0
653,23.0,0,0,3,7.8542,2,DNS,BNR,0,0.0,1.0
654,13.0,0,0,3,7.2292,0,C,S,1,1.0,0.0
655,20.0,0,0,3,7.225,0,DNS,BNR,0,0.0,1.0
656,32.0,1,0,3,15.85,2,D,BNR,0,0.0,1.0
657,33.0,3,0,3,15.85,2,DNS,S,1,1.0,0.0
658,0.75,2,1,3,19.2583,0,C,S,1,1.0,0.0
659,0.75,2,1,3,19.2583,0,C,S,1,1.0,0.0
660,5.0,2,1,3,19.2583,0,C,S,1,1.0,0.0
661,24.0,0,3,3,19.2583,0,C,S,1,1.0,0.0
662,18.0,0,0,3,8.05,2,C,S,1,1.0,0.0
663,40.0,0,0,3,7.225,0,DNS,BNR,0,0.0,1.0
664,26.0,0,0,3,7.8958,2,DNS,BNR,0,0.0,1.0
665,20.0,0,0,3,7.2292,0,15,S,1,0.0,1.0
666,18.0,0,1,3,14.4542,0,DNS,BNR,0,1.0,0.0
667,45.0,0,1,3,14.4542,0,DNS,BNR,0,1.0,0.0
668,27.0,0,0,3,7.8792,1,DNS,BNR,0,1.0,0.0
669,22.0,0,0,3,8.05,2,DNS,BNR,0,0.0,1.0
670,19.0,0,0,3,8.05,2,DNS,BNR,0,0.0,1.0
671,26.0,0,0,3,7.775,2,DNS,BNR,0,0.0,1.0
672,22.0,0,0,3,9.35,2,DNS,BNR,0,0.0,1.0
673,6.0,0,0,3,7.2292,0,DNS,BNR,0,0.0,1.0
674,20.0,0,0,3,4.0125,0,DNS,BNR,0,0.0,1.0
675,32.0,0,0,3,56.4958,2,C,S,1,0.0,1.0
676,21.0,0,0,3,7.775,2,DNS,BNR,0,0.0,1.0
677,18.0,0,0,3,7.75,2,DNS,BNR,0,0.0,1.0
678,26.0,0,0,3,7.8958,2,DNS,BNR,0,0.0,1.0
679,6.0,1,1,3,15.2458,0,DNS,BNR,0,0.0,1.0
680,9.0,1,1,3,15.2458,0,DNS,BNR,0,1.0,0.0
681,26.0,0,0,3,7.225,0,DNS,BNR,0,0.0,1.0
682,31.0,0,2,3,15.2458,0,DNS,BNR,0,1.0,0.0
683,18.0,0,2,3,7.75,1,DNS,BNR,0,1.0,0.0
684,40.0,1,1,3,15.5,1,DNS,BNR,0,0.0,1.0
685,32.0,1,1,3,15.5,1,DNS,BNR,0,1.0,0.0
686,21.0,0,0,3,16.1,2,DNS,BNR,0,0.0,1.0
687,22.0,0,0,3,7.725,1,13,S,1,1.0,0.0
688,20.0,0,0,3,7.8542,2,DNS,BNR,0,1.0,0.0
689,29.0,1,0,3,7.0458,2,DNS,BNR,0,0.0,1.0
690,22.0,1,0,3,7.25,2,DNS,BNR,0,0.0,1.0
691,22.0,0,0,3,7.7958,2,DNS,BNR,0,0.0,1.0
692,35.0,0,0,3,8.05,2,DNS,BNR,0,0.0,1.0
693,18.5,0,0,3,7.2833,1,DNS,299.0,0,1.0,0.0
694,21.0,0,0,3,7.8208,1,13,S,1,0.0,1.0
695,19.0,0,0,3,6.75,1,DNS,BNR,0,0.0,1.0
696,18.0,0,0,3,7.8792,1,DNS,BNR,0,1.0,0.0
697,21.0,0,0,3,8.6625,2,DNS,BNR,0,1.0,0.0
698,30.0,0,0,3,8.6625,2,DNS,BNR,0,1.0,0.0
699,18.0,0,0,3,8.6625,2,DNS,BNR,0,0.0,1.0
700,38.0,0,0,3,8.6625,2,DNS,BNR,0,0.0,1.0
701,17.0,0,0,3,8.6625,2,DNS,BNR,0,0.0,1.0
702,17.0,0,0,3,8.6625,2,DNS,BNR,0,0.0,1.0
703,21.0,0,0,3,7.75,1,DNS,BNR,0,1.0,0.0
704,21.0,0,0,3,7.75,1,DNS,BNR,0,0.0,1.0
705,21.0,0,0,3,8.05,2,DNS,BNR,0,0.0,1.0
706,26.0,1,0,3,14.4583,0,DNS,BNR,0,0.0,1.0
707,31.0,1,0,3,14.4583,0,DNS,BNR,0,1.0,0.0
708,28.0,0,0,3,7.7958,2,DNS,BNR,0,0.0,1.0
709,24.0,0,0,3,7.8542,2,DNS,BNR,0,0.0,1.0
710,16.0,0,0,3,7.75,1,16,S,1,1.0,0.0
711,37.0,0,0,3,7.75,1,DNS,BNR,0,1.0,0.0
712,28.0,0,0,3,7.25,2,DNS,BNR,0,0.0,1.0
713,24.0,0,0,3,8.05,2,DNS,BNR,0,0.0,1.0
714,21.0,0,0,3,7.7333,1,DNS,BNR,0,0.0,1.0
715,32.0,0,0,3,56.4958,2,C,S,1,0.0,1.0
716,29.0,0,0,3,8.05,2,DNS,BNR,0,0.0,1.0
717,26.0,1,0,3,14.4542,0,DNS,BNR,0,0.0,1.0
718,18.0,1,0,3,14.4542,0,DNS,BNR,0,0.0,1.0
719,20.0,0,0,3,7.05,2,DNS,BNR,0,0.0,1.0
720,18.0,0,0,3,8.05,2,12,S,1,0.0,1.0
721,24.0,0,0,3,7.25,1,DNS,BNR,0,0.0,1.0
722,36.0,0,0,3,7.4958,2,DNS,BNR,0,0.0,1.0
723,24.0,0,0,3,7.4958,2,DNS,BNR,0,0.0,1.0
724,31.0,0,0,3,7.7333,1,DNS,BNR,0,0.0,1.0
725,31.0,0,0,3,7.75,1,DNS,BNR,0,0.0,1.0
726,22.0,0,0,3,7.75,1,13,S,1,1.0,0.0
727,30.0,0,0,3,7.6292,1,DNS,BNR,0,1.0,0.0
728,70.5,0,0,3,7.75,1,DNS,171.0,0,0.0,1.0
729,43.0,0,0,3,8.05,2,DNS,BNR,0,0.0,1.0
730,35.0,0,0,3,7.8958,2,DNS,BNR,0,0.0,1.0
731,27.0,0,0,3,7.8958,2,DNS,BNR,0,0.0,1.0
732,19.0,0,0,3,7.8958,2,DNS,BNR,0,0.0,1.0
733,30.0,0,0,3,8.05,2,DNS,BNR,0,0.0,1.0
734,9.0,1,1,3,15.9,2,2,S,1,0.0,1.0
735,3.0,1,1,3,15.9,2,2,S,1,0.0,1.0
736,36.0,0,2,3,15.9,2,2,S,1,1.0,0.0
737,59.0,0,0,3,7.25,2,DNS,BNR,0,0.0,1.0
738,19.0,0,0,3,8.1583,2,DNS,BNR,0,0.0,1.0
739,17.0,0,1,3,16.1,2,12,S,1,1.0,0.0
740,44.0,0,1,3,16.1,2,DNS,BNR,0,0.0,1.0
741,17.0,0,0,3,8.6625,2,DNS,BNR,0,0.0,1.0
742,22.5,0,0,3,7.225,0,DNS,9.0,0,0.0,1.0
743,45.0,0,0,3,8.05,2,15,S,1,0.0,1.0
744,22.0,0,0,3,10.5167,2,DNS,BNR,0,1.0,0.0
745,19.0,0,0,3,10.1708,2,DNS,BNR,0,0.0,1.0
746,30.0,0,0,3,6.95,1,15,S,1,1.0,0.0
747,29.0,0,0,3,7.75,1,13 15 B,S,1,0.0,1.0
748,0.3333,0,2,3,14.4,2,DNS,BNR,0,0.0,1.0
749,34.0,1,1,3,14.4,2,DNS,197.0,0,0.0,1.0
750,28.0,1,1,3,14.4,2,DNS,BNR,0,1.0,0.0
751,27.0,0,0,3,7.8958,2,DNS,BNR,0,0.0,1.0
752,25.0,0,0,3,7.8958,2,DNS,BNR,0,0.0,1.0
753,24.0,2,0,3,24.15,2,DNS,BNR,0,0.0,1.0
754,22.0,0,0,3,8.05,2,DNS,BNR,0,0.0,1.0
755,21.0,2,0,3,24.15,2,DNS,BNR,0,0.0,1.0
756,17.0,2,0,3,8.05,2,DNS,BNR,0,0.0,1.0
757,26.0,1,0,3,16.1,2,DNS,BNR,0,0.0,1.0
758,31.0,1,0,3,16.1,2,16,S,1,1.0,0.0
759,36.5,1,0,3,17.4,2,15,S,1,0.0,1.0
760,36.0,1,0,3,17.4,2,13,S,1,1.0,0.0
761,30.0,0,0,3,9.5,2,11,S,1,0.0,1.0
762,16.0,0,0,3,9.5,2,DNS,BNR,0,0.0,1.0
763,1.0,1,2,3,20.575,2,10,S,1,0.0,1.0
764,0.1667,1,2,3,20.575,2,10,S,1,1.0,0.0
765,26.0,1,2,3,20.575,2,DNS,BNR,0,0.0,1.0
766,33.0,1,2,3,20.575,2,10,S,1,1.0,0.0
767,25.0,0,0,3,7.8958,2,DNS,BNR,0,0.0,1.0
768,26.0,0,0,3,7.8958,2,DNS,BNR,0,0.0,1.0
769,26.0,0,0,3,7.8958,2,DNS,BNR,0,0.0,1.0
770,22.0,0,0,3,7.25,2,DNS,BNR,0,0.0,1.0
771,36.0,0,0,3,7.25,2,DNS,BNR,0,0.0,1.0
772,19.0,0,0,3,7.8792,1,C,S,1,1.0,0.0
773,17.0,0,0,3,7.8958,2,DNS,BNR,0,0.0,1.0
774,42.0,0,0,3,8.6625,2,DNS,BNR,0,0.0,1.0
775,43.0,0,0,3,7.8958,2,DNS,BNR,0,0.0,1.0
776,26.0,0,0,3,7.2292,0,DNS,BNR,0,0.0,1.0
777,32.0,0,0,3,7.75,1,DNS,BNR,0,0.0,1.0
778,19.0,0,0,3,8.05,2,B,S,1,0.0,1.0
779,30.0,0,0,3,12.475,2,13,S,1,1.0,0.0
780,24.0,0,0,3,7.75,1,DNS,BNR,0,1.0,0.0
781,23.0,0,0,3,8.05,2,DNS,S,1,1.0,0.0
782,33.0,0,0,3,7.8958,0,DNS,51.0,0,0.0,1.0
783,65.0,0,0,3,7.75,1,DNS,BNR,0,0.0,1.0
784,24.0,0,0,3,7.55,2,D,S,1,0.0,1.0
785,23.0,1,0,3,13.9,2,DNS,BNR,0,0.0,1.0
786,22.0,1,0,3,13.9,2,16,S,1,1.0,0.0
787,18.0,0,0,3,7.775,2,DNS,BNR,0,0.0,1.0
788,16.0,0,0,3,7.775,2,DNS,BNR,0,0.0,1.0
789,45.0,0,0,3,6.975,2,DNS,BNR,0,0.0,1.0
790,26.0,0,0,3,7.225,0,DNS,BNR,0,0.0,1.0
791,39.0,0,2,3,7.2292,0,DNS,BNR,0,0.0,1.0
792,17.0,1,1,3,7.2292,0,DNS,BNR,0,0.0,1.0
793,15.0,1,1,3,7.2292,0,DNS,BNR,0,0.0,1.0
794,47.0,0,0,3,7.25,2,DNS,BNR,0,0.0,1.0
795,5.0,0,0,3,12.475,2,13,S,1,1.0,0.0
796,26.0,0,0,3,7.225,0,DNS,BNR,0,0.0,1.0
797,40.5,0,0,3,15.1,2,DNS,187.0,0,0.0,1.0
798,40.5,0,0,3,7.75,1,DNS,68.0,0,0.0,1.0
799,26.0,0,0,3,7.05,2,15,S,1,0.0,1.0
800,18.0,0,0,3,7.7958,2,DNS,BNR,0,0.0,1.0
801,18.0,0,0,3,7.75,1,DNS,BNR,0,1.0,0.0
802,26.0,0,0,3,7.75,1,DNS,BNR,0,0.0,1.0
803,26.0,0,0,3,6.95,1,DNS,BNR,0,0.0,1.0
804,26.0,0,0,3,7.8792,1,DNS,BNR,0,0.0,1.0
805,26.0,0,0,3,7.75,1,DNS,BNR,0,0.0,1.0
806,26.0,0,0,3,56.4958,2,13,S,1,0.0,1.0
807,21.0,2,2,3,34.375,2,DNS,BNR,0,1.0,0.0
808,9.0,2,2,3,34.375,2,DNS,BNR,0,1.0,0.0
809,26.0,0,0,3,8.05,2,DNS,BNR,0,0.0,1.0
810,18.0,2,2,3,34.375,2,DNS,BNR,0,0.0,1.0
811,16.0,1,3,3,34.375,2,DNS,BNR,0,0.0,1.0
812,48.0,1,3,3,34.375,2,DNS,BNR,0,1.0,0.0
813,26.0,0,0,3,7.75,1,DNS,BNR,0,0.0,1.0
814,26.0,0,0,3,7.25,2,DNS,BNR,0,0.0,1.0
815,25.0,0,0,3,7.7417,1,DNS,BNR,0,0.0,1.0
816,26.0,0,0,3,14.5,2,DNS,BNR,0,0.0,1.0
817,26.0,0,0,3,7.8958,0,DNS,BNR,0,0.0,1.0
818,22.0,0,0,3,8.05,2,DNS,47.0,0,0.0,1.0
819,16.0,0,0,3,7.7333,1,16,S,1,1.0,0.0
820,18.0,0,0,3,7.75,1,13,S,1,1.0,0.0
821,9.0,0,2,3,20.525,2,C D,S,1,0.0,1.0
822,33.0,1,1,3,20.525,2,DNS,BNR,0,0.0,1.0
823,41.0,0,0,3,7.85,2,DNS,BNR,0,0.0,1.0
824,31.0,1,1,3,20.525,2,C D,S,1,1.0,0.0
825,38.0,0,0,3,7.05,2,DNS,BNR,0,0.0,1.0
826,9.0,5,2,3,46.9,2,DNS,BNR,0,0.0,1.0
827,1.0,5,2,3,46.9,2,DNS,BNR,0,0.0,1.0
828,11.0,5,2,3,46.9,2,DNS,BNR,0,0.0,1.0
829,10.0,5,2,3,46.9,2,DNS,BNR,0,1.0,0.0
830,16.0,5,2,3,46.9,2,DNS,BNR,0,1.0,0.0
831,14.0,5,2,3,46.9,2,DNS,BNR,0,0.0,1.0
832,40.0,1,6,3,46.9,2,DNS,BNR,0,0.0,1.0
833,43.0,1,6,3,46.9,2,DNS,BNR,0,1.0,0.0
834,51.0,0,0,3,8.05,2,DNS,BNR,0,0.0,1.0
835,32.0,0,0,3,8.3625,2,DNS,BNR,0,0.0,1.0
836,26.0,0,0,3,8.05,2,DNS,BNR,0,0.0,1.0
837,20.0,0,0,3,9.8458,2,DNS,BNR,0,0.0,1.0
838,37.0,2,0,3,7.925,2,DNS,98.0,0,0.0,1.0
839,28.0,2,0,3,7.925,2,DNS,BNR,0,0.0,1.0
840,19.0,0,0,3,7.775,2,DNS,BNR,0,0.0,1.0
841,24.0,0,0,3,8.85,2,DNS,BNR,0,1.0,0.0
842,17.0,0,0,3,7.7333,1,DNS,BNR,0,1.0,0.0
843,26.0,1,0,3,19.9667,2,DNS,BNR,0,0.0,1.0
844,26.0,1,0,3,19.9667,2,DNS,BNR,0,0.0,1.0
845,28.0,1,0,3,15.85,2,DNS,BNR,0,0.0,1.0
846,24.0,1,0,3,15.85,2,15,S,1,1.0,0.0
847,20.0,0,0,3,9.5,2,DNS,BNR,0,0.0,1.0
848,23.5,0,0,3,7.2292,0,DNS,188.0,0,0.0,1.0
849,41.0,2,0,3,14.1083,2,DNS,BNR,0,0.0,1.0
850,26.0,1,0,3,7.8542,2,DNS,BNR,0,0.0,1.0
851,21.0,0,0,3,7.8542,2,DNS,69.0,0,0.0,1.0
852,45.0,1,0,3,14.1083,2,11,S,1,1.0,0.0
853,18.0,0,0,3,7.55,2,DNS,BNR,0,1.0,0.0
854,25.0,0,0,3,7.25,2,B,BNR,0,0.0,1.0
855,26.0,0,0,3,6.8583,1,DNS,BNR,0,0.0,1.0
856,11.0,0,0,3,18.7875,0,DNS,BNR,0,0.0,1.0
857,18.0,0,0,3,7.75,1,16,S,1,1.0,0.0
858,27.0,0,0,3,6.975,2,15,S,1,0.0,1.0
859,26.0,0,0,3,56.4958,2,C,S,1,0.0,1.0
860,18.0,0,0,3,6.75,1,DNS,BNR,0,1.0,0.0
861,26.0,0,0,3,7.925,2,DNS,S,1,1.0,0.0
862,23.0,0,0,3,7.925,2,DNS,BNR,0,1.0,0.0
863,22.0,0,0,3,8.9625,2,C,S,1,1.0,0.0
864,28.0,0,0,3,7.8958,2,DNS,306.0,0,0.0,1.0
865,28.0,0,0,3,7.775,2,DNS,BNR,0,1.0,0.0
866,18.0,0,0,3,7.75,1,DNS,BNR,0,1.0,0.0
867,2.0,0,1,3,12.2875,2,15,S,1,1.0,0.0
868,22.0,1,1,3,12.2875,2,15,S,1,1.0,0.0
869,43.0,0,0,3,6.45,2,DNS,BNR,0,0.0,1.0
870,28.0,0,0,3,22.525,2,DNS,BNR,0,0.0,1.0
871,27.0,0,0,3,7.925,2,DNS,S,1,1.0,0.0
872,26.0,0,0,3,7.75,1,DNS,BNR,0,0.0,1.0
873,18.0,0,0,3,8.05,2,C,S,1,1.0,0.0
874,42.0,0,0,3,7.65,2,DNS,120.0,0,0.0,1.0
875,26.0,0,0,3,7.8875,2,C,S,1,0.0,1.0
876,30.0,0,0,3,7.2292,0,DNS,BNR,0,0.0,1.0
877,26.0,0,0,3,7.8958,2,DNS,BNR,0,0.0,1.0
878,27.0,1,0,3,7.925,2,DNS,BNR,0,1.0,0.0
879,25.0,1,0,3,7.925,2,DNS,BNR,0,1.0,0.0
880,26.0,0,0,3,7.8958,2,DNS,BNR,0,0.0,1.0
881,29.0,0,0,3,7.8958,0,15,S,1,0.0,1.0
882,21.0,0,0,3,7.7958,2,A,S,1,0.0,1.0
883,26.0,0,0,3,7.05,2,DNS,BNR,0,0.0,1.0
884,20.0,0,0,3,7.8542,2,DNS,BNR,0,0.0,1.0
885,48.0,0,0,3,7.8542,2,DNS,BNR,0,0.0,1.0
886,17.0,1,0,3,7.0542,2,DNS,BNR,0,0.0,1.0
887,18.0,0,0,3,7.75,1,D,S,1,1.0,0.0
888,26.0,0,0,3,8.1125,2,13,S,1,0.0,1.0
889,34.0,0,0,3,6.4958,2,DNS,143.0,0,0.0,1.0
890,26.0,0,0,3,7.775,2,15,S,1,0.0,1.0
891,22.0,0,0,3,7.7958,2,DNS,156.0,0,0.0,1.0
892,33.0,0,0,3,8.6542,2,DNS,285.0,0,0.0,1.0
893,31.0,0,0,3,7.775,2,DNS,BNR,0,0.0,1.0
894,29.0,0,0,3,7.8542,2,DNS,BNR,0,0.0,1.0
895,4.0,1,1,3,11.1333,2,15,S,1,0.0,1.0
896,1.0,1,1,3,11.1333,2,15,S,1,1.0,0.0
897,49.0,0,0,3,0.0,2,DNS,BNR,0,0.0,1.0
898,33.0,0,0,3,7.775,2,DNS,37.0,0,0.0,1.0
899,19.0,0,0,3,0.0,2,DNS,BNR,0,0.0,1.0
900,27.0,0,2,3,11.1333,2,15,S,1,1.0,0.0
901,6.0,1,2,3,23.45,2,DNS,BNR,0,0.0,1.0
902,18.0,1,2,3,23.45,2,DNS,BNR,0,1.0,0.0
903,26.0,1,2,3,23.45,2,DNS,BNR,0,0.0,1.0
904,31.0,1,2,3,23.45,2,DNS,BNR,0,1.0,0.0
905,23.0,0,0,3,7.8958,2,DNS,BNR,0,0.0,1.0
906,32.0,0,0,3,7.8542,2,15,S,1,0.0,1.0
907,27.0,0,0,3,7.8542,2,DNS,BNR,0,0.0,1.0
908,20.0,1,0,3,9.825,2,DNS,BNR,0,1.0,0.0
909,21.0,1,0,3,9.825,2,DNS,BNR,0,1.0,0.0
910,32.0,0,0,3,7.925,2,15,S,1,0.0,1.0
911,17.0,0,0,3,7.125,2,DNS,BNR,0,0.0,1.0
912,21.0,0,0,3,8.4333,2,DNS,BNR,0,0.0,1.0
913,30.0,0,0,3,7.8958,2,DNS,BNR,0,0.0,1.0
914,21.0,0,0,3,7.7958,2,13,S,1,0.0,1.0
915,33.0,0,0,3,7.8542,2,DNS,BNR,0,0.0,1.0
916,22.0,0,0,3,7.5208,2,DNS,BNR,0,0.0,1.0
917,4.0,0,1,3,13.4167,0,15,S,1,1.0,0.0
918,39.0,0,1,3,13.4167,0,15,S,1,0.0,1.0
919,26.0,0,0,3,7.2292,0,DNS,BNR,0,0.0,1.0
920,18.5,0,0,3,7.2292,0,DNS,58.0,0,0.0,1.0
921,26.0,0,0,3,7.75,1,DNS,BNR,0,0.0,1.0
922,26.0,0,0,3,7.25,2,A,BNR,0,0.0,1.0
923,18.0,0,0,3,7.75,1,16,S,1,1.0,0.0
924,18.0,0,0,3,7.75,1,D,S,1,1.0,0.0
925,34.5,0,0,3,7.8292,1,DNS,70.0,0,0.0,1.0
926,44.0,0,0,3,8.05,2,DNS,BNR,0,0.0,1.0
927,26.0,0,0,3,7.75,1,DNS,S,1,0.0,1.0
928,26.0,1,0,3,14.4542,0,DNS,BNR,0,0.0,1.0
929,31.0,1,0,3,14.4542,0,DNS,BNR,0,1.0,0.0
930,26.0,1,0,3,7.75,1,DNS,BNR,0,0.0,1.0
931,26.0,1,0,3,7.75,1,DNS,BNR,0,0.0,1.0
932,26.0,0,0,3,7.7375,1,DNS,BNR,0,0.0,1.0
933,22.0,2,0,3,8.6625,2,DNS,BNR,0,1.0,0.0
934,26.0,2,0,3,8.6625,2,DNS,BNR,0,0.0,1.0
935,4.0,0,2,3,22.025,2,2,S,1,1.0,0.0
936,29.0,3,1,3,22.025,2,2,S,1,0.0,1.0
937,26.0,1,1,3,22.025,2,2,S,1,1.0,0.0
938,1.0,1,1,3,12.1833,2,DNS,BNR,0,1.0,0.0
939,18.0,1,1,3,7.8542,2,DNS,BNR,0,0.0,1.0
940,36.0,0,2,3,12.1833,2,DNS,BNR,0,1.0,0.0
941,26.0,0,0,3,7.8958,0,DNS,BNR,0,0.0,1.0
942,25.0,0,0,3,7.2292,0,10,S,1,0.0,1.0
943,26.0,0,0,3,7.225,0,DNS,BNR,0,0.0,1.0
944,37.0,0,0,3,9.5875,2,DNS,BNR,0,1.0,0.0
945,26.0,0,0,3,7.8958,2,DNS,BNR,0,0.0,1.0
946,26.0,0,0,3,56.4958,2,C,S,1,0.0,1.0
947,26.0,0,0,3,56.4958,2,DNS,BNR,0,0.0,1.0
948,22.0,0,0,3,7.25,2,13,S,1,1.0,0.0
949,26.0,0,0,3,7.75,1,DNS,BNR,0,0.0,1.0
950,26.0,0,0,3,56.4958,2,14,S,1,0.0,1.0
951,29.0,0,0,3,9.4833,2,DNS,BNR,0,0.0,1.0
952,29.0,0,0,3,7.775,2,DNS,BNR,0,0.0,1.0
953,22.0,0,0,3,7.775,2,DNS,BNR,0,0.0,1.0
954,22.0,0,0,3,7.225,0,6,S,1,0.0,1.0
955,6.0,3,1,3,25.4667,2,DNS,BNR,0,0.0,1.0
956,18.0,3,1,3,25.4667,2,DNS,BNR,0,1.0,0.0
957,18.0,3,1,3,25.4667,2,DNS,BNR,0,1.0,0.0
958,18.0,3,1,3,25.4667,2,DNS,BNR,0,1.0,0.0
959,31.0,0,4,3,25.4667,2,DNS,BNR,0,1.0,0.0
960,32.0,0,0,3,7.925,2,DNS,BNR,0,0.0,1.0
961,34.5,0,0,3,6.4375,0,DNS,196.0,0,0.0,1.0
962,18.0,1,0,3,15.5,1,DNS,BNR,0,1.0,0.0
963,26.0,1,0,3,15.5,1,DNS,BNR,0,0.0,1.0
964,36.0,0,0,3,0.0,2,DNS,BNR,0,0.0,1.0
965,39.0,0,0,3,24.15,2,DNS,BNR,0,0.0,1.0
966,24.0,0,0,3,9.5,2,DNS,BNR,0,0.0,1.0
967,25.0,0,0,3,7.775,2,DNS,BNR,0,1.0,0.0
968,45.0,0,0,3,7.75,2,DNS,BNR,0,1.0,0.0
969,36.0,1,0,3,15.55,2,A,BNR,0,0.0,1.0
970,30.0,1,0,3,15.55,2,A,BNR,0,1.0,0.0
971,20.0,1,0,3,7.925,2,15,S,1,0.0,1.0
972,26.0,0,0,3,7.8792,1,DNS,BNR,0,0.0,1.0
973,28.0,0,0,3,56.4958,2,DNS,BNR,0,0.0,1.0
974,26.0,0,0,3,7.55,2,DNS,BNR,0,0.0,1.0
975,30.0,1,0,3,16.1,2,DNS,BNR,0,0.0,1.0
976,26.0,1,0,3,16.1,2,DNS,BNR,0,1.0,0.0
977,26.0,0,0,3,7.8792,2,DNS,153.0,0,0.0,1.0
978,20.5,0,0,3,7.25,2,DNS,BNR,0,0.0,1.0
979,27.0,0,0,3,8.6625,2,15,S,1,0.0,1.0
980,51.0,0,0,3,7.0542,2,DNS,BNR,0,0.0,1.0
981,23.0,0,0,3,7.8542,2,10,S,1,1.0,0.0
982,32.0,0,0,3,7.5792,2,15,S,1,0.0,1.0
983,26.0,0,0,3,7.8958,2,DNS,BNR,0,0.0,1.0
984,26.0,0,0,3,7.55,2,DNS,BNR,0,0.0,1.0
985,18.0,0,0,3,7.75,1,15,S,1,1.0,0.0
986,24.0,0,0,3,7.1417,2,13,S,1,0.0,1.0
987,22.0,0,0,3,7.125,2,DNS,BNR,0,0.0,1.0
988,18.0,0,0,3,7.8792,1,DNS,BNR,0,1.0,0.0
989,26.0,0,0,3,7.75,1,DNS,BNR,0,0.0,1.0
990,26.0,0,0,3,8.05,2,DNS,BNR,0,0.0,1.0
991,29.0,0,0,3,7.925,2,DNS,BNR,0,0.0,1.0
992,26.0,0,0,3,7.2292,0,15,S,1,0.0,1.0
993,30.5,0,0,3,7.75,1,DNS,61.0,0,1.0,0.0
994,18.0,0,0,3,7.7375,1,16,S,1,1.0,0.0
995,26.0,0,0,3,7.2292,0,DNS,BNR,0,0.0,1.0
996,35.0,0,0,3,7.8958,0,DNS,BNR,0,0.0,1.0
997,33.0,0,0,3,7.8958,2,DNS,BNR,0,0.0,1.0
998,31.0,0,0,3,7.225,0,C,S,1,1.0,0.0
999,26.0,0,0,3,7.8958,0,DNS,BNR,0,0.0,1.0
1000,18.0,0,0,3,7.75,1,15 16,S,1,1.0,0.0
1001,26.0,0,0,3,7.75,1,DNS,S,1,0.0,1.0
1002,18.0,2,0,3,23.25,1,16,S,1,1.0,0.0
1003,18.0,2,0,3,23.25,1,16,S,1,1.0,0.0
1004,26.0,2,0,3,23.25,1,16,S,1,0.0,1.0
1005,18.0,0,0,3,7.7875,1,13,S,1,1.0,0.0
1006,26.0,0,0,3,15.5,1,DNS,BNR,0,0.0,1.0
1007,18.0,0,0,3,7.8792,1,13,S,1,1.0,0.0
1008,15.0,0,0,3,8.0292,1,DNS,S,1,1.0,0.0
1009,35.0,0,0,3,7.75,1,DNS,BNR,0,1.0,0.0
1010,26.0,0,0,3,7.75,1,DNS,BNR,0,0.0,1.0
1011,24.0,1,0,3,16.1,2,DNS,BNR,0,0.0,1.0
1012,19.0,1,0,3,16.1,2,DNS,53.0,0,1.0,0.0
1013,18.0,0,0,3,7.75,1,DNS,BNR,0,1.0,0.0
1014,18.0,0,0,3,8.05,2,DNS,BNR,0,1.0,0.0
1015,31.0,0,0,3,8.05,2,DNS,BNR,0,1.0,0.0
1016,55.5,0,0,3,8.05,2,DNS,201.0,0,0.0,1.0
1017,26.0,0,0,3,7.75,1,DNS,BNR,0,0.0,1.0
1018,21.0,0,0,3,7.775,2,15,S,1,0.0,1.0
1019,26.0,0,0,3,8.05,2,DNS,BNR,0,0.0,1.0
1020,24.0,0,0,3,7.8958,2,DNS,BNR,0,0.0,1.0
1021,21.0,0,0,3,7.8958,2,DNS,BNR,0,0.0,1.0
1022,28.0,0,0,3,7.8958,2,DNS,BNR,0,0.0,1.0
1023,26.0,0,0,3,7.8958,2,DNS,BNR,0,0.0,1.0
1024,18.0,0,0,3,7.8792,1,16,S,1,1.0,0.0
1025,25.0,0,0,3,7.65,2,DNS,309.0,0,0.0,1.0
1026,6.0,0,1,3,12.475,2,14,S,1,0.0,1.0
1027,27.0,0,1,3,12.475,2,14,S,1,1.0,0.0
1028,26.0,0,0,3,8.05,2,DNS,BNR,0,0.0,1.0
1029,18.0,1,0,3,24.15,1,16,S,1,1.0,0.0
1030,26.0,1,0,3,24.15,1,DNS,BNR,0,0.0,1.0
1031,26.0,0,0,3,8.4583,1,DNS,BNR,0,0.0,1.0
1032,34.0,0,0,3,8.05,2,DNS,BNR,0,0.0,1.0
1033,26.0,0,0,3,7.75,1,DNS,BNR,0,0.0,1.0
1034,26.0,0,0,3,7.775,2,B,S,1,0.0,1.0
1035,6.0,1,1,3,15.2458,0,C,S,1,0.0,1.0
1036,6.0,1,1,3,15.2458,0,C,S,1,0.0,1.0
1037,31.0,0,2,3,15.2458,0,C,S,1,1.0,0.0
1038,31.0,0,0,3,7.2292,0,DNS,S,1,1.0,0.0
1039,26.0,0,0,3,8.05,2,DNS,BNR,0,0.0,1.0
1040,18.0,0,0,3,7.7333,1,16,S,1,1.0,0.0
1041,24.0,0,0,3,7.75,1,15,S,1,1.0,0.0
1042,26.0,0,0,3,8.05,2,DNS,BNR,0,0.0,1.0
1043,18.0,1,0,3,15.5,1,16,S,1,1.0,0.0
1044,18.0,1,0,3,15.5,1,16,S,1,1.0,0.0
1045,18.0,0,0,3,15.5,1,16,S,1,1.0,0.0
1046,18.0,0,0,3,7.75,2,DNS,BNR,0,0.0,1.0
1047,22.0,0,0,3,7.8958,2,DNS,BNR,0,0.0,1.0
1048,15.0,0,0,3,7.225,0,C,S,1,1.0,0.0
1049,1.0,0,2,3,15.7417,0,C,S,1,1.0,0.0
1050,20.0,1,1,3,15.7417,0,C,S,1,0.0,1.0
1051,19.0,1,1,3,15.7417,0,C,S,1,1.0,0.0
1052,33.0,0,0,3,8.05,2,DNS,BNR,0,0.0,1.0
1053,26.0,0,0,3,7.8958,2,DNS,BNR,0,0.0,1.0
1054,26.0,0,0,3,7.2292,0,DNS,BNR,0,0.0,1.0
1055,18.0,0,0,3,7.75,1,DNS,BNR,0,1.0,0.0
1056,26.0,0,0,3,7.8958,2,DNS,BNR,0,0.0,1.0
1057,12.0,1,0,3,11.2417,0,C,S,1,0.0,1.0
1058,14.0,1,0,3,11.2417,0,C,S,1,1.0,0.0
1059,29.0,0,0,3,7.925,2,DNS,BNR,0,1.0,0.0
1060,28.0,0,0,3,8.05,2,DNS,BNR,0,0.0,1.0
1061,18.0,0,0,3,7.775,2,D,S,1,1.0,0.0
1062,26.0,0,0,3,7.8542,2,13,S,1,1.0,0.0
1063,21.0,0,0,3,7.8542,2,DNS,BNR,0,0.0,1.0
1064,41.0,0,0,3,7.125,2,DNS,BNR,0,0.0,1.0
1065,39.0,0,0,3,7.925,2,9,S,1,0.0,1.0
1066,21.0,0,0,3,7.8,2,DNS,BNR,0,0.0,1.0
1067,28.5,0,0,3,7.2292,0,DNS,181.0,0,0.0,1.0
1068,22.0,0,0,3,7.75,2,13,S,1,1.0,0.0
1069,61.0,0,0,3,6.2375,2,DNS,BNR,0,0.0,1.0
1070,26.0,1,0,3,15.5,1,DNS,BNR,0,0.0,1.0
1071,26.0,0,0,3,7.8292,1,DNS,BNR,0,0.0,1.0
1072,31.0,1,0,3,15.5,1,DNS,S,1,1.0,0.0
1073,26.0,0,0,3,7.7333,1,DNS,BNR,0,0.0,1.0
1074,26.0,0,0,3,7.75,1,DNS,BNR,0,0.0,1.0
1075,26.0,0,0,3,7.75,1,DNS,BNR,0,0.0,1.0
1076,23.0,0,0,3,9.225,2,DNS,BNR,0,0.0,1.0
1078,18.0,0,0,3,7.75,1,D,S,1,1.0,0.0
1079,18.0,0,0,3,7.8792,1,DNS,S,1,1.0,0.0
1080,22.0,0,0,3,7.775,2,C,S,1,1.0,0.0
1081,26.0,0,0,3,7.75,1,B,S,1,0.0,1.0
1082,18.0,0,0,3,7.8292,1,13,S,1,1.0,0.0
1083,9.0,0,1,3,3.1708,2,13,S,1,0.0,1.0
1084,28.0,0,0,3,22.525,2,DNS,173.0,0,0.0,1.0
1085,42.0,0,1,3,8.4042,2,DNS,BNR,0,0.0,1.0
1086,26.0,0,0,3,7.3125,2,DNS,BNR,0,0.0,1.0
1087,31.0,0,0,3,7.8542,2,DNS,BNR,0,1.0,0.0
1088,28.0,0,0,3,7.8542,2,DNS,BNR,0,0.0,1.0
1089,32.0,0,0,3,7.775,2,A,S,1,0.0,1.0
1090,20.0,0,0,3,9.225,2,DNS,89.0,0,0.0,1.0
1091,23.0,0,0,3,8.6625,2,DNS,BNR,0,1.0,0.0
1092,20.0,0,0,3,8.6625,2,DNS,BNR,0,1.0,0.0
1093,20.0,0,0,3,8.6625,2,DNS,BNR,0,0.0,1.0
1094,16.0,0,0,3,9.2167,2,DNS,BNR,0,0.0,1.0
1095,31.0,0,0,3,8.6833,2,DNS,S,1,1.0,0.0
1096,18.0,0,0,3,7.6292,1,DNS,BNR,0,1.0,0.0
1097,2.0,3,1,3,21.075,2,DNS,4.0,0,0.0,1.0
1098,6.0,3,1,3,21.075,2,DNS,BNR,0,0.0,1.0
1099,3.0,3,1,3,21.075,2,DNS,BNR,0,1.0,0.0
1100,8.0,3,1,3,21.075,2,DNS,BNR,0,1.0,0.0
1101,29.0,0,4,3,21.075,2,DNS,206.0,0,1.0,0.0
1102,1.0,4,1,3,39.6875,2,DNS,BNR,0,0.0,1.0
1103,7.0,4,1,3,39.6875,2,DNS,BNR,0,0.0,1.0
1104,2.0,4,1,3,39.6875,2,DNS,BNR,0,0.0,1.0
1105,16.0,4,1,3,39.6875,2,DNS,BNR,0,0.0,1.0
1106,14.0,4,1,3,39.6875,2,DNS,BNR,0,0.0,1.0
1107,41.0,0,5,3,39.6875,2,DNS,BNR,0,1.0,0.0
1108,21.0,0,0,3,8.6625,2,DNS,BNR,0,0.0,1.0
1109,19.0,0,0,3,14.5,2,DNS,BNR,0,0.0,1.0
1110,26.0,0,0,3,8.7125,0,DNS,BNR,0,0.0,1.0
1111,32.0,0,0,3,7.8958,2,DNS,BNR,0,0.0,1.0
1112,0.75,1,1,3,13.775,2,DNS,BNR,0,0.0,1.0
1113,3.0,1,1,3,13.775,2,DNS,BNR,0,1.0,0.0
1114,26.0,0,2,3,13.775,2,DNS,BNR,0,1.0,0.0
1115,26.0,0,0,3,7.0,2,DNS,BNR,0,0.0,1.0
1116,26.0,0,0,3,7.775,2,DNS,BNR,0,0.0,1.0
1117,26.0,0,0,3,8.05,2,DNS,BNR,0,0.0,1.0
1118,21.0,0,0,3,7.925,2,DNS,BNR,0,0.0,1.0
1119,25.0,0,0,3,7.925,2,DNS,BNR,0,0.0,1.0
1120,22.0,0,0,3,7.25,2,DNS,BNR,0,0.0,1.0
1121,25.0,1,0,3,7.775,2,15,S,1,0.0,1.0
1122,6.0,1,1,3,22.3583,0,C,S,1,0.0,1.0
1123,18.0,1,1,3,22.3583,0,D,S,1,1.0,0.0
1124,31.0,0,2,3,22.3583,0,D,S,1,1.0,0.0
1125,18.0,0,0,3,8.1375,1,DNS,BNR,0,1.0,0.0
1126,24.0,0,0,3,8.05,2,DNS,BNR,0,0.0,1.0
1127,28.0,0,0,3,7.8958,2,DNS,BNR,0,1.0,0.0
1128,19.0,0,0,3,7.8958,2,DNS,BNR,0,0.0,1.0
1129,26.0,0,0,3,7.8958,2,DNS,BNR,0,0.0,1.0
1130,25.0,1,0,3,7.775,2,DNS,BNR,0,0.0,1.0
1131,18.0,0,0,3,7.775,2,DNS,BNR,0,1.0,0.0
1132,32.0,0,0,3,8.05,2,9,S,1,0.0,1.0
1133,26.0,0,0,3,7.8958,2,DNS,BNR,0,0.0,1.0
1134,17.0,0,0,3,8.6625,2,DNS,BNR,0,0.0,1.0
1135,24.0,0,0,3,8.6625,2,DNS,BNR,0,0.0,1.0
1136,26.0,0,0,3,7.8958,2,DNS,BNR,0,0.0,1.0
1137,31.0,0,0,3,8.1125,2,DNS,BNR,0,1.0,0.0
1138,26.0,0,0,3,7.2292,0,DNS,BNR,0,0.0,1.0
1139,26.0,0,0,3,7.25,2,DNS,BNR,0,0.0,1.0
1140,38.0,0,0,3,7.8958,2,DNS,BNR,0,0.0,1.0
1141,21.0,0,0,3,8.05,2,DNS,BNR,0,0.0,1.0
1142,10.0,4,1,3,29.125,1,DNS,BNR,0,0.0,1.0
1143,4.0,4,1,3,29.125,1,DNS,BNR,0,0.0,1.0
1144,7.0,4,1,3,29.125,1,DNS,BNR,0,0.0,1.0
1145,2.0,4,1,3,29.125,1,DNS,BNR,0,0.0,1.0
1146,8.0,4,1,3,29.125,1,DNS,BNR,0,0.0,1.0
1147,39.0,0,5,3,29.125,1,DNS,327.0,0,1.0,0.0
1148,22.0,0,0,3,39.6875,2,DNS,BNR,0,1.0,0.0
1149,35.0,0,0,3,7.125,2,DNS,BNR,0,0.0,1.0
1150,18.0,0,0,3,7.7208,1,13,S,1,1.0,0.0
1151,26.0,0,0,3,14.5,2,DNS,BNR,0,0.0,1.0
1152,31.0,0,0,3,14.5,2,DNS,BNR,0,1.0,0.0
1153,50.0,1,0,3,14.5,2,DNS,119.0,0,0.0,1.0
1154,47.0,1,0,3,14.5,2,DNS,7.0,0,1.0,0.0
1155,26.0,0,0,3,8.05,2,DNS,BNR,0,0.0,1.0
1156,26.0,0,0,3,7.775,2,DNS,BNR,0,0.0,1.0
1157,2.0,1,1,3,20.2125,2,DNS,BNR,0,1.0,0.0
1158,18.0,1,1,3,20.2125,2,DNS,BNR,0,0.0,1.0
1159,41.0,0,2,3,20.2125,2,DNS,BNR,0,1.0,0.0
1160,18.0,0,0,3,8.05,2,C,S,1,1.0,0.0
1161,50.0,0,0,3,8.05,2,DNS,BNR,0,0.0,1.0
1162,16.0,0,0,3,8.05,2,DNS,BNR,0,0.0,1.0
1163,26.0,0,0,3,7.75,1,14,S,1,0.0,1.0
1164,26.0,0,0,3,24.15,1,DNS,BNR,0,0.0,1.0
1165,26.0,0,0,3,7.2292,0,DNS,BNR,0,0.0,1.0
1166,25.0,0,0,3,7.225,0,DNS,BNR,0,0.0,1.0
1167,26.0,0,0,3,7.225,0,DNS,BNR,0,0.0,1.0
1168,26.0,0,0,3,7.7292,1,DNS,BNR,0,0.0,1.0
1169,26.0,0,0,3,7.575,2,DNS,BNR,0,0.0,1.0
1170,38.5,0,0,3,7.25,2,DNS,32.0,0,0.0,1.0
1171,6.0,8,2,3,69.55,2,DNS,BNR,0,0.0,1.0
1172,14.5,8,2,3,69.55,2,DNS,67.0,0,0.0,1.0
1173,18.0,8,2,3,69.55,2,DNS,BNR,0,1.0,0.0
1174,18.0,8,2,3,69.55,2,DNS,BNR,0,1.0,0.0
1175,18.0,8,2,3,69.55,2,DNS,BNR,0,1.0,0.0
1176,18.0,8,2,3,69.55,2,DNS,BNR,0,1.0,0.0
1177,26.0,8,2,3,69.55,2,DNS,BNR,0,0.0,1.0
1178,26.0,8,2,3,69.55,2,DNS,BNR,0,0.0,1.0
1179,26.0,8,2,3,69.55,2,DNS,BNR,0,0.0,1.0
1180,26.0,1,9,3,69.55,2,DNS,BNR,0,0.0,1.0
1181,31.0,1,9,3,69.55,2,DNS,BNR,0,1.0,0.0
1182,24.0,0,0,3,9.325,2,DNS,BNR,0,0.0,1.0
1183,21.0,0,0,3,7.65,2,C,S,1,1.0,0.0
1184,39.0,0,0,3,7.925,2,DNS,BNR,0,0.0,1.0
1185,26.0,2,0,3,21.6792,0,DNS,BNR,0,0.0,1.0
1186,26.0,2,0,3,21.6792,0,DNS,BNR,0,0.0,1.0
1187,26.0,2,0,3,21.6792,0,DNS,BNR,0,0.0,1.0
1188,1.0,1,1,3,16.7,2,13,S,1,1.0,0.0
1189,24.0,0,2,3,16.7,2,13,S,1,1.0,0.0
1190,4.0,1,1,3,16.7,2,13,S,1,1.0,0.0
1191,25.0,0,0,3,9.5,2,11,S,1,0.0,1.0
1192,20.0,0,0,3,8.05,2,DNS,BNR,0,0.0,1.0
1193,24.5,0,0,3,8.05,2,DNS,284.0,0,0.0,1.0
1194,26.0,0,0,3,7.725,1,DNS,BNR,0,0.0,1.0
1195,26.0,0,0,3,7.8958,2,DNS,BNR,0,0.0,1.0
1196,26.0,0,0,3,7.75,1,DNS,BNR,0,0.0,1.0
1197,29.0,0,0,3,9.5,2,11,S,1,0.0,1.0
1198,26.0,0,0,3,15.1,2,DNS,BNR,0,0.0,1.0
1199,18.0,0,0,3,7.7792,1,DNS,S,1,1.0,0.0
1200,26.0,0,0,3,8.05,2,DNS,BNR,0,0.0,1.0
1201,26.0,0,0,3,8.05,2,DNS,BNR,0,0.0,1.0
1202,22.0,0,0,3,7.2292,0,DNS,BNR,0,0.0,1.0
1203,26.0,0,0,3,8.05,2,DNS,BNR,0,0.0,1.0
1204,40.0,0,0,3,7.8958,2,DNS,BNR,0,0.0,1.0
1205,21.0,0,0,3,7.925,2,DNS,BNR,0,0.0,1.0
1206,18.0,0,0,3,7.4958,2,16,S,1,1.0,0.0
1207,4.0,3,2,3,27.9,2,DNS,BNR,0,0.0,1.0
1208,10.0,3,2,3,27.9,2,DNS,BNR,0,0.0,1.0
1209,9.0,3,2,3,27.9,2,DNS,BNR,0,1.0,0.0
1210,2.0,3,2,3,27.9,2,DNS,BNR,0,1.0,0.0
1211,40.0,1,4,3,27.9,2,DNS,BNR,0,0.0,1.0
1212,45.0,1,4,3,27.9,2,DNS,BNR,0,1.0,0.0
1213,26.0,0,0,3,7.8958,2,DNS,BNR,0,0.0,1.0
1214,26.0,0,0,3,8.05,2,DNS,BNR,0,0.0,1.0
1215,26.0,0,0,3,8.6625,2,DNS,BNR,0,0.0,1.0
1216,26.0,0,0,3,7.75,1,DNS,BNR,0,0.0,1.0
1217,18.0,0,0,3,7.7333,1,13,S,1,1.0,0.0
1218,19.0,0,0,3,7.65,2,DNS,BNR,0,0.0,1.0
1219,30.0,0,0,3,8.05,2,DNS,BNR,0,0.0,1.0
1220,26.0,0,0,3,8.05,2,DNS,BNR,0,0.0,1.0
1221,32.0,0,0,3,8.05,2,DNS,BNR,0,0.0,1.0
1222,26.0,0,0,3,7.8958,2,DNS,BNR,0,0.0,1.0
1223,33.0,0,0,3,8.6625,0,DNS,BNR,0,0.0,1.0
1224,23.0,0,0,3,7.55,2,C,S,1,1.0,0.0
1225,21.0,0,0,3,8.05,2,DNS,BNR,0,0.0,1.0
1226,60.5,0,0,3,33.29547928134557,2,DNS,261.0,0,0.0,1.0
1227,19.0,0,0,3,7.8958,2,DNS,BNR,0,0.0,1.0
1228,22.0,0,0,3,9.8375,2,DNS,BNR,0,1.0,0.0
1229,31.0,0,0,3,7.925,2,9,S,1,0.0,1.0
1230,27.0,0,0,3,8.6625,2,DNS,BNR,0,0.0,1.0
1231,2.0,0,1,3,10.4625,2,DNS,BNR,0,1.0,0.0
1232,29.0,1,1,3,10.4625,2,DNS,BNR,0,1.0,0.0
1233,16.0,0,0,3,8.05,2,B,S,1,0.0,1.0
1234,44.0,0,0,3,7.925,2,15,S,1,0.0,1.0
1235,25.0,0,0,3,7.05,2,DNS,BNR,0,0.0,1.0
1236,74.0,0,0,3,7.775,2,DNS,BNR,0,0.0,1.0
1237,14.0,0,0,3,9.225,2,13,S,1,0.0,1.0
1238,24.0,0,0,3,7.7958,2,DNS,BNR,0,0.0,1.0
1239,25.0,0,0,3,7.7958,2,13 15,S,1,0.0,1.0
1240,34.0,0,0,3,8.05,2,DNS,176.0,0,0.0,1.0
1241,0.4167,0,1,3,8.5167,0,16,S,1,0.0,1.0
1242,26.0,1,0,3,6.4375,0,DNS,BNR,0,0.0,1.0
1243,26.0,0,0,3,6.4375,0,DNS,BNR,0,0.0,1.0
1244,26.0,0,0,3,7.225,0,DNS,BNR,0,0.0,1.0
1245,16.0,1,1,3,8.5167,0,14,S,1,1.0,0.0
1246,26.0,0,0,3,8.05,2,DNS,BNR,0,0.0,1.0
1247,26.0,1,0,3,16.1,2,DNS,BNR,0,0.0,1.0
1248,31.0,1,0,3,16.1,2,10,S,1,1.0,0.0
1249,32.0,0,0,3,7.925,2,DNS,BNR,0,0.0,1.0
1250,26.0,0,0,3,7.75,1,DNS,BNR,0,0.0,1.0
1251,26.0,0,0,3,7.8958,2,DNS,BNR,0,0.0,1.0
1252,30.5,0,0,3,8.05,2,DNS,50.0,0,0.0,1.0
1253,44.0,0,0,3,8.05,2,DNS,BNR,0,0.0,1.0
1254,26.0,0,0,3,7.2292,0,DNS,BNR,0,0.0,1.0
1255,25.0,0,0,3,0.0,2,15,S,1,0.0,1.0
1256,26.0,0,0,3,7.2292,0,DNS,BNR,0,0.0,1.0
1257,7.0,1,1,3,15.2458,0,C,S,1,0.0,1.0
1258,9.0,1,1,3,15.2458,0,C,S,1,1.0,0.0
1259,29.0,0,2,3,15.2458,0,C,S,1,1.0,0.0
1260,36.0,0,0,3,7.8958,2,DNS,BNR,0,0.0,1.0
1261,18.0,0,0,3,9.8417,2,15,S,1,1.0,0.0
1262,63.0,0,0,3,9.5875,2,15,S,1,1.0,0.0
1263,6.0,1,1,3,14.5,2,DNS,BNR,0,0.0,1.0
1264,11.5,1,1,3,14.5,2,DNS,1.0,0,0.0,1.0
1265,40.5,0,2,3,14.5,2,DNS,255.0,0,0.0,1.0
1266,10.0,0,2,3,24.15,2,DNS,BNR,0,1.0,0.0
1267,36.0,1,1,3,24.15,2,DNS,BNR,0,0.0,1.0
1268,30.0,1,1,3,24.15,2,DNS,BNR,0,1.0,0.0
1269,26.0,0,0,3,9.5,2,DNS,BNR,0,0.0,1.0
1270,33.0,0,0,3,9.5,2,DNS,BNR,0,0.0,1.0
1271,28.0,0,0,3,9.5,2,DNS,BNR,0,0.0,1.0
1272,28.0,0,0,3,9.5,2,DNS,BNR,0,0.0,1.0
1273,47.0,0,0,3,9.0,2,DNS,BNR,0,0.0,1.0
1274,18.0,2,0,3,18.0,2,DNS,BNR,0,1.0,0.0
1275,31.0,3,0,3,18.0,2,DNS,BNR,0,0.0,1.0
1276,16.0,2,0,3,18.0,2,DNS,BNR,0,0.0,1.0
1277,31.0,1,0,3,18.0,2,DNS,BNR,0,1.0,0.0
1278,22.0,0,0,3,7.225,0,13 15,S,1,0.0,1.0
1279,20.0,0,0,3,7.8542,2,DNS,BNR,0,0.0,1.0
1280,14.0,0,0,3,7.8542,2,DNS,BNR,0,1.0,0.0
1281,22.0,0,0,3,7.8958,2,DNS,BNR,0,0.0,1.0
1282,22.0,0,0,3,9.0,2,DNS,BNR,0,0.0,1.0
1283,26.0,0,0,3,8.05,2,DNS,BNR,0,0.0,1.0
1284,26.0,0,0,3,7.55,2,DNS,BNR,0,0.0,1.0
1285,26.0,0,0,3,8.05,2,DNS,BNR,0,0.0,1.0
1286,32.5,0,0,3,9.5,2,DNS,298.0,0,0.0,1.0
1287,38.0,0,0,3,7.2292,0,C,S,1,1.0,0.0
1288,51.0,0,0,3,7.75,2,DNS,BNR,0,0.0,1.0
1289,18.0,1,0,3,6.4958,2,DNS,314.0,0,0.0,1.0
1290,21.0,1,0,3,6.4958,2,DNS,BNR,0,0.0,1.0
1291,47.0,1,0,3,7.0,2,DNS,S,1,1.0,0.0
1292,26.0,0,0,3,8.7125,2,DNS,BNR,0,0.0,1.0
1293,26.0,0,0,3,7.55,2,DNS,BNR,0,0.0,1.0
1294,26.0,0,0,3,8.05,2,DNS,BNR,0,0.0,1.0
1295,28.5,0,0,3,16.1,2,DNS,14.0,0,0.0,1.0
1296,21.0,0,0,3,7.25,2,DNS,BNR,0,0.0,1.0
1297,27.0,0,0,3,8.6625,2,DNS,131.0,0,0.0,1.0
1298,26.0,0,0,3,7.25,2,DNS,BNR,0,0.0,1.0
1299,36.0,0,0,3,9.5,2,DNS,BNR,0,0.0,1.0
1300,27.0,1,0,3,14.4542,0,C,BNR,0,0.0,1.0
1301,15.0,1,0,3,14.4542,0,DNS,S,1,1.0,0.0
1302,45.5,0,0,3,7.225,0,DNS,312.0,0,0.0,1.0
1303,26.0,0,0,3,7.225,0,DNS,BNR,0,0.0,1.0
1304,26.0,0,0,3,14.4583,0,DNS,BNR,0,0.0,1.0
1305,14.5,1,0,3,14.4542,0,DNS,328.0,0,1.0,0.0
1306,18.0,1,0,3,14.4542,0,DNS,BNR,0,1.0,0.0
1307,26.5,0,0,3,7.225,0,DNS,304.0,0,0.0,1.0
1308,27.0,0,0,3,7.225,0,DNS,BNR,0,0.0,1.0
1309,29.0,0,0,3,7.875,2,DNS,BNR,0,0.0,1.0
